10.55,1941.01,0.67,1.05,14.1,1.95,13.9,
10.53,1940.12,0.67,1.05,14.1,1.97,13.91,
9.89,1941.02,0.68,1.06,14.1,1.99,13,
10.98,1940.11,0.67,1.06,14,1.99,14.64,
10.73,1940.1,0.67,1.07,14,2.02,14.33,
9.95,1941.03,0.68,1.06,14.2,2.04,12.96,
10.63,1940.09,0.67,1.08,14,2.04,14.21,
10.2,1940.08,0.66,1.07,14,2.06,13.65,
9.64,1941.04,0.68,1.07,14.3,2.08,12.43,
9.99,1940.07,0.66,1.05,14,2.08,13.37,
9.67,1940.06,0.65,1.04,14.1,2.1,12.84,
9.43,1941.05,0.69,1.08,14.4,2.12,12.04,
10.58,1940.05,0.64,1.02,14,2.12,14.14,
12.27,1940.04,0.64,1.01,14,2.15,16.37,
9.76,1941.06,0.69,1.09,14.7,2.16,12.16,
12.15,1940.03,0.63,0.99,14,2.17,16.17,
18.02,1946.01,0.67,0.94,18.2,2.19,15.62,
12.22,1940.02,0.63,0.96,14,2.19,16.22,
17.53,1946.03,0.68,0.9,18.3,2.2,15.13,
18.07,1946.02,0.67,0.92,18.1,2.2,15.76,
10.26,1941.07,0.69,1.12,14.7,2.21,12.74,
17.33,1945.12,0.66,0.96,18.2,2.21,15.02,
18.7,1946.05,0.68,0.86,18.5,2.21,16.01,
18.66,1946.04,0.68,0.88,18.4,2.21,16.04,
12.3,1940.01,0.62,0.93,13.9,2.21,16.38,
18.05,1946.07,0.68,0.86,19.8,2.22,14.51,
17.04,1945.11,0.66,0.97,18.1,2.22,14.85,
18.58,1946.06,0.68,0.84,18.7,2.22,15.77,
12.37,1939.12,0.62,0.9,14,2.22,16.28,
15.09,1946.09,0.69,0.89,20.4,2.23,11.84,
17.7,1946.08,0.69,0.87,20.2,2.23,13.98,
14.69,1946.11,0.7,1,21.3,2.24,11.11,
14.75,1946.1,0.7,0.95,20.8,2.24,11.39,
16.5,1945.1,0.66,0.98,18.1,2.24,14.37,
12.67,1939.11,0.6,0.87,14,2.24,16.6,
15.13,1946.12,0.71,1.06,21.5,2.25,11.37,
15.21,1947.01,0.71,1.13,21.5,2.25,11.47,
10.21,1941.08,0.7,1.16,14.9,2.25,12.46,
15.84,1945.09,0.66,0.99,18.1,2.25,13.8,
12.9,1939.1,0.58,0.84,14,2.25,16.82,
12.77,1939.09,0.56,0.81,14.1,2.26,16.45,
15.8,1947.02,0.72,1.2,21.5,2.27,11.95,
14.83,1945.08,0.66,0.99,18.1,2.27,12.92,
11.54,1939.08,0.55,0.79,13.8,2.27,15.12,
15.16,1947.03,0.72,1.27,21.9,2.28,11.29,
14.78,1945.07,0.65,1,18.1,2.28,12.87,
10.24,1941.09,0.7,1.19,15.1,2.29,12.28,
27.63,1954.04,1.46,2.57,26.8,2.29,12.91,
11.71,1939.07,0.54,0.78,13.8,2.29,15.27,
14.6,1947.04,0.73,1.33,21.9,2.3,10.9,
15.09,1945.06,0.65,1,18.1,2.3,13.13,
30.13,1954.07,1.46,2.62,26.9,2.3,13.83,
11.43,1939.06,0.53,0.76,13.8,2.3,14.83,
13.97,1949.06,1.02,2.4,23.9,2.31,9.07,
14.78,1949.05,1.01,2.39,23.8,2.31,9.69,
14.89,1949.04,0.99,2.39,23.9,2.31,9.78,
14.77,1949.02,0.96,2.35,23.8,2.31,9.87,
14.91,1949.03,0.98,2.38,23.8,2.31,9.9,
15.36,1949.01,0.95,2.32,24,2.31,10.25,
14.34,1947.05,0.75,1.38,21.9,2.31,10.73,
14.82,1945.05,0.65,0.99,17.9,2.31,13.04,
11.23,1939.05,0.53,0.74,13.8,2.31,14.5,
14.76,1949.07,1.03,2.4,23.7,2.32,9.61,
15.29,1949.08,1.03,2.39,23.8,2.32,9.85,
15.49,1949.09,1.04,2.39,23.9,2.32,9.88,
15.19,1948.12,0.93,2.29,24.1,2.32,10.16,
15.89,1949.1,1.07,2.37,23.7,2.32,10.17,
16.11,1949.11,1.11,2.34,23.8,2.32,10.22,
16.54,1949.12,1.14,2.32,23.6,2.32,10.53,
16.88,1950.01,1.15,2.34,23.5,2.32,10.75,
10.83,1939.04,0.52,0.73,13.8,2.32,13.92,
15.29,1948.11,0.91,2.22,24.2,2.33,10.25,
14.84,1947.06,0.76,1.44,22,2.33,11.08,
9.83,1941.1,0.7,1.18,15.3,2.33,11.58,
14.28,1945.04,0.65,0.97,17.8,2.33,12.63,
16.19,1948.1,0.89,2.14,24.4,2.34,10.83,
17.21,1950.02,1.16,2.35,23.5,2.34,10.91,
13.93,1945.03,0.65,0.96,17.8,2.34,12.32,
12.39,1939.03,0.52,0.71,13.9,2.34,15.73,
15.76,1948.09,0.87,2.07,24.5,2.35,10.55,
15.77,1947.07,0.77,1.48,22.2,2.35,11.7,
12.4,1939.02,0.52,0.69,13.9,2.35,15.66,
15.94,1948.08,0.86,2,24.5,2.36,10.72,
17.35,1950.03,1.17,2.37,23.6,2.36,10.91,
15.46,1947.08,0.78,1.51,22.5,2.36,11.34,
13.94,1945.02,0.65,0.95,17.8,2.36,12.34,
30.73,1954.08,1.46,2.63,26.9,2.36,14.04,
12.5,1939.01,0.51,0.66,14,2.36,15.6,
13.49,1945.01,0.64,0.94,17.8,2.37,11.96,
26.57,1954.03,1.47,2.55,26.9,2.37,12.42,
28.73,1954.05,1.46,2.6,26.9,2.37,13.31,
15.06,1947.09,0.79,1.55,23,2.38,10.83,
9.37,1941.11,0.71,1.17,15.4,2.38,10.91,
16.42,1948.07,0.86,1.93,24.4,2.38,11.13,
17.84,1950.04,1.18,2.43,23.6,2.38,11.18,
13.1,1944.12,0.64,0.93,17.8,2.38,11.64,
28.96,1954.06,1.45,2.62,26.9,2.38,13.36,
31.45,1954.09,1.47,2.63,26.8,2.38,14.36,
12.69,1938.12,0.51,0.64,14,2.38,15.76,
15.45,1947.1,0.81,1.57,23,2.39,11.13,
12.82,1944.11,0.64,0.92,17.7,2.39,11.48,
16.82,1948.06,0.85,1.86,24.1,2.39,11.58,
13.07,1938.11,0.56,0.63,14,2.39,16.15,
16.15,1948.05,0.85,1.81,23.9,2.4,11.24,
18.44,1950.05,1.19,2.48,23.7,2.4,11.46,
12.91,1944.1,0.64,0.91,17.7,2.4,11.58,
15.4,1948.04,0.85,1.76,23.8,2.41,10.78,
15.27,1947.11,0.82,1.59,23.1,2.41,10.98,
12.6,1944.09,0.64,0.9,17.7,2.41,11.33,
13.06,1938.1,0.61,0.63,14,2.41,16.06,
8.76,1941.12,0.71,1.16,15.5,2.42,10.09,
14.3,1948.03,0.85,1.71,23.4,2.42,10.19,
15.03,1947.12,0.84,1.61,23.4,2.42,10.68,
12.81,1944.08,0.64,0.91,17.7,2.42,11.54,
18.74,1950.06,1.2,2.54,23.8,2.42,11.55,
877.56,2008.12,28.39,14.88,210.228,2.42,15.37,
14.1,1948.02,0.85,1.68,23.5,2.43,10,
12.67,1944.06,0.63,0.92,17.6,2.43,11.53,
13,1944.07,0.63,0.91,17.7,2.43,11.74,
11.75,1938.09,0.66,0.62,14.1,2.43,14.28,
32.18,1954.1,1.49,2.68,26.8,2.43,14.62,
14.83,1948.01,0.84,1.64,23.7,2.44,10.42,
12.1,1944.05,0.63,0.92,17.5,2.44,11.1,
12.31,1938.08,0.69,0.67,14.1,2.44,14.9,
17.38,1950.07,1.24,2.6,24.1,2.45,10.54,
11.89,1944.04,0.62,0.93,17.5,2.45,10.94,
7.93,1942.05,0.67,1,16.3,2.46,8.51,
7.84,1942.04,0.68,1.02,16.1,2.46,8.54,
8.33,1942.06,0.66,0.98,16.3,2.46,8.91,
8.18,1942.03,0.69,1.04,16,2.46,9,
8.65,1942.02,0.7,1.08,15.8,2.46,9.68,
8.93,1942.01,0.7,1.12,15.7,2.46,10.1,
12.1,1944.03,0.62,0.93,17.4,2.46,11.22,
12.24,1938.07,0.71,0.72,14.1,2.46,14.77,
8.59,1942.08,0.63,0.95,16.5,2.47,9.01,
8.68,1942.09,0.62,0.94,16.5,2.47,9.08,
8.64,1942.07,0.65,0.97,16.4,2.47,9.15,
9.32,1942.1,0.61,0.97,16.7,2.47,9.6,
9.52,1942.12,0.59,1.03,16.9,2.47,9.62,
9.47,1942.11,0.6,1,16.8,2.47,9.66,
10.09,1943.01,0.59,1.04,16.9,2.47,10.15,
10.69,1943.02,0.59,1.06,16.9,2.47,10.71,
11.07,1943.03,0.59,1.07,17.2,2.47,10.85,
11.77,1944.02,0.62,0.93,17.4,2.47,10.95,
11.44,1943.04,0.59,1.08,17.4,2.47,11.04,
18.43,1950.08,1.29,2.66,24.3,2.47,11.04,
11.89,1943.05,0.59,1.09,17.5,2.47,11.36,
12.1,1943.06,0.59,1.1,17.5,2.47,11.52,
26.02,1954.02,1.46,2.54,26.9,2.47,12.22,
11.33,1943.11,0.61,0.99,17.4,2.48,10.63,
11.48,1943.12,0.61,0.94,17.4,2.48,10.74,
11.85,1944.01,0.61,0.94,17.4,2.48,11.05,
11.88,1943.1,0.6,1.03,17.4,2.48,11.19,
11.74,1943.08,0.6,1.09,17.3,2.48,11.21,
11.99,1943.09,0.6,1.08,17.4,2.48,11.34,
12.35,1943.07,0.59,1.09,17.4,2.48,11.77,
25.46,1954.01,1.46,2.52,26.9,2.48,12,
10.21,1938.06,0.74,0.77,14.1,2.48,12.29,
33.44,1954.11,1.52,2.72,26.8,2.48,15.12,
19.08,1950.09,1.33,2.72,24.4,2.49,11.34,
9.98,1938.05,0.75,0.84,14.1,2.49,11.99,
19.87,1950.1,1.38,2.76,24.6,2.51,11.66,
9.89,1938.04,0.77,0.9,14.2,2.51,11.79,
34.97,1954.12,1.54,2.77,26.7,2.51,15.79,
865.58,2009.01,28.01,12.21,211.143,2.52,15.17,
19.83,1950.11,1.42,2.8,24.7,2.53,11.54,
10.31,1938.03,0.78,0.97,14.1,2.53,12.38,
11.04,1938.02,0.79,1.02,14.1,2.54,13.26,
19.75,1950.12,1.47,2.84,25,2.55,11.31,
11.31,1938.01,0.79,1.08,14.2,2.56,13.51,
21.21,1951.01,1.49,2.84,25.4,2.57,11.9,
11.02,1937.12,0.8,1.13,14.4,2.57,13.01,
22,1951.02,1.5,2.83,25.7,2.58,12.14,
11.2,1937.11,0.79,1.16,14.5,2.58,13.16,
24.83,1953.12,1.45,2.51,26.9,2.59,11.75,
21.63,1951.03,1.52,2.83,25.8,2.59,11.84,
12.28,1937.1,0.78,1.19,14.6,2.59,14.36,
21.92,1951.04,1.53,2.79,25.8,2.6,11.95,
14.37,1937.09,0.77,1.22,14.6,2.6,16.85,
21.93,1951.05,1.55,2.76,25.9,2.61,11.86,
35.6,1955.01,1.55,2.83,26.7,2.61,15.99,
16.74,1937.08,0.79,1.2,14.5,2.61,19.81,
21.55,1951.06,1.56,2.72,25.9,2.62,11.62,
16.57,1937.07,0.82,1.19,14.5,2.62,19.65,
21.93,1951.07,1.55,2.65,25.9,2.63,11.78,
22.89,1951.08,1.53,2.58,25.9,2.63,12.26,
15.64,1937.06,0.84,1.17,14.4,2.63,18.71,
23.48,1951.09,1.52,2.51,26.1,2.64,12.44,
16.25,1937.05,0.81,1.15,14.4,2.64,19.47,
23.36,1951.1,1.48,2.49,26.2,2.65,12.31,
36.79,1955.02,1.55,2.9,26.7,2.65,16.44,
13.76,1936.01,0.48,0.77,13.8,2.65,17.09,
14.55,1936.02,0.49,0.78,13.8,2.65,18.1,
17.01,1937.04,0.78,1.13,14.3,2.65,20.56,
23.97,1953.1,1.43,2.54,27,2.66,11.39,
22.71,1951.11,1.45,2.46,26.4,2.66,11.85,
13.04,1935.12,0.47,0.76,13.8,2.66,16.16,
14.09,1936.05,0.53,0.85,13.7,2.66,17.75,
14.69,1936.06,0.55,0.88,13.8,2.66,18.39,
14.86,1936.03,0.5,0.79,13.7,2.66,18.66,
14.88,1936.04,0.52,0.82,13.7,2.66,18.72,
18.09,1937.03,0.75,1.11,14.2,2.66,22.04,
23.41,1951.12,1.41,2.44,26.5,2.67,12.15,
13.04,1935.11,0.46,0.76,13.8,2.67,16.13,
15.56,1936.07,0.57,0.9,13.9,2.67,19.36,
15.87,1936.08,0.59,0.92,14,2.67,19.62,
16.05,1936.09,0.61,0.94,14,2.67,19.86,
16.89,1936.1,0.65,0.97,14,2.67,20.91,
18.11,1937.02,0.74,1.08,14.1,2.67,22.24,
24.5,1953.11,1.44,2.52,26.9,2.68,11.64,
24.19,1952.01,1.41,2.43,26.5,2.68,12.53,
36.5,1955.03,1.56,2.96,26.7,2.68,16.22,
17.06,1936.12,0.72,1.02,14,2.68,21.13,
17.36,1936.11,0.68,0.99,14,2.68,21.5,
17.59,1937.01,0.73,1.05,14.1,2.68,21.62,
23.75,1952.02,1.42,2.41,26.3,2.69,12.36,
11.92,1935.1,0.45,0.76,13.7,2.69,14.83,
11.61,1935.09,0.44,0.76,13.7,2.7,14.42,
23.81,1952.03,1.42,2.4,26.3,2.71,12.36,
11.37,1935.08,0.44,0.78,13.7,2.71,14.11,
23.74,1952.04,1.43,2.38,26.4,2.72,12.24,
10.65,1935.07,0.44,0.79,13.7,2.72,13.2,
23.73,1952.05,1.44,2.36,26.4,2.73,12.2,
10.12,1935.06,0.44,0.81,13.7,2.73,12.54,
9.75,1935.05,0.44,0.78,13.8,2.74,11.99,
24.38,1952.06,1.45,2.34,26.5,2.74,12.45,
37.76,1955.04,1.56,3.05,26.7,2.75,16.69,
9.04,1935.04,0.45,0.76,13.8,2.76,11.1,
25.08,1952.07,1.45,2.35,26.7,2.76,12.67,
37.6,1955.05,1.57,3.13,26.7,2.76,16.52,
8.41,1935.03,0.45,0.73,13.7,2.77,10.4,
25.18,1952.08,1.45,2.35,26.7,2.77,12.68,
25.99,1953.03,1.41,2.43,26.6,2.77,12.83,
8.98,1935.02,0.45,0.65,13.7,2.78,11.09,
24.78,1952.09,1.45,2.36,26.7,2.78,12.43,
39.78,1955.06,1.57,3.22,26.7,2.78,17.37,
9.26,1935.01,0.45,0.57,13.6,2.79,11.5,
24.26,1952.1,1.44,2.37,26.7,2.79,12.13,
25.86,1953.02,1.41,2.42,26.5,2.8,12.86,
25.03,1952.11,1.42,2.39,26.7,2.81,12.47,
9.26,1934.12,0.45,0.49,13.4,2.82,11.64,
26.04,1952.12,1.41,2.4,26.7,2.82,12.93,
757.13,2009.03,27.25,6.86,212.709,2.82,13.32,
24.71,1953.04,1.41,2.46,26.6,2.83,12.16,
26.18,1953.01,1.41,2.41,26.6,2.83,13.01,
44.43,1956.02,1.7,3.67,26.8,2.84,18.27,
9.2,1934.11,0.45,0.49,13.5,2.85,11.45,
8.95,1934.1,0.45,0.48,13.5,2.87,11.11,
23.27,1953.09,1.42,2.55,26.9,2.87,11.14,
805.23,2009.02,27.63,9.53,212.193,2.87,14.12,
42.34,1958.04,1.76,3.07,28.9,2.88,13.91,
42.11,1955.1,1.63,3.5,26.9,2.88,17.77,
44.95,1955.11,1.63,3.56,26.9,2.89,18.84,
8.88,1934.09,0.45,0.48,13.6,2.9,10.91,
44.15,1956.01,1.67,3.64,26.8,2.9,18.29,
42.69,1955.07,1.59,3.29,26.8,2.9,18.45,
43.7,1958.05,1.74,3,28.9,2.92,14.32,
9.1,1934.08,0.45,0.47,13.4,2.93,11.32,
24.29,1953.07,1.42,2.52,26.8,2.93,11.75,
848.15,2009.04,26.7,,213.24,2.93,14.98,
24.39,1953.08,1.42,2.54,26.9,2.95,11.72,
9.47,1934.07,0.45,0.47,13.4,2.96,11.74,
45.37,1955.12,1.64,3.62,26.8,2.96,18.94,
47.49,1956.03,1.73,3.69,26.8,2.96,19.37,
44.75,1958.06,1.73,2.93,28.9,2.97,14.64,
42.43,1955.08,1.6,3.37,26.8,2.97,18.22,
44.34,1955.09,1.62,3.44,26.9,2.97,18.84,
9.94,1934.06,0.45,0.47,13.4,2.98,12.29,
42.11,1958.03,1.77,3.14,28.8,2.98,13.93,
46.27,1956.06,1.8,3.6,27.2,3,18.16,
9.81,1934.05,0.44,0.46,13.3,3.01,12.18,
10.92,1934.04,0.44,0.46,13.3,3.04,13.52,
24.84,1953.05,1.42,2.48,26.7,3.05,12.14,
41.26,1958.02,1.78,3.22,28.6,3.05,13.78,
10.74,1934.03,0.44,0.45,13.3,3.07,13.25,
46.54,1956.05,1.78,3.63,27,3.07,18.54,
41.12,1958.01,1.78,3.29,28.6,3.09,13.79,
11.32,1934.02,0.44,0.45,13.3,3.09,13.93,
6.87,1900.12,0.3,0.48,7.61,3.1,20.74,
7.07,1901.01,0.3,0.48,7.71,3.1,20.98,
6.08,1899.01,0.2,0.36,6.76,3.1,22.93,
6.31,1899.02,0.2,0.37,6.95,3.1,23.05,
23.95,1953.06,1.42,2.51,26.8,3.11,11.62,
6.01,1900.1,0.29,0.48,7.71,3.11,18.1,
48.78,1956.07,1.81,3.55,27.4,3.11,18.86,
6.48,1900.11,0.29,0.48,7.71,3.11,19.42,
7.25,1901.02,0.3,0.48,7.61,3.11,21.68,
7.51,1901.03,0.31,0.49,7.61,3.11,22.35,
6.48,1899.04,0.2,0.39,7.04,3.11,23.15,
6.4,1899.03,0.2,0.38,6.95,3.11,23.28,
10.54,1934.01,0.44,0.44,13.2,3.12,13.03,
5.8,1900.09,0.28,0.48,7.8,3.12,17.34,
5.94,1900.08,0.27,0.48,7.71,3.12,18.07,
6.07,1899.06,0.21,0.42,7.14,3.12,21.21,
5.65,1898.12,0.2,0.35,6.76,3.12,21.4,
6.21,1899.05,0.2,0.4,7.04,3.12,22.09,
8.14,1901.04,0.31,0.49,7.52,3.12,24.41,
5.86,1900.07,0.26,0.48,7.8,3.13,17.69,
5.86,1900.06,0.26,0.48,7.71,3.13,17.99,
6.04,1900.05,0.25,0.48,7.8,3.13,18.4,
6.37,1899.09,0.21,0.45,7.61,3.13,20.59,
6.28,1899.07,0.21,0.43,7.23,3.13,21.56,
6.44,1899.08,0.21,0.44,7.33,3.13,21.73,
7.73,1901.05,0.31,0.49,7.52,3.13,23.06,
8.5,1901.06,0.31,0.49,7.52,3.13,25.24,
9.97,1933.12,0.44,0.44,13.2,3.14,12.28,
6.26,1900.03,0.23,0.48,7.99,3.14,18.78,
6.34,1900.04,0.24,0.48,7.99,3.14,18.94,
6.34,1899.1,0.21,0.46,7.71,3.14,20.15,
6.46,1899.11,0.21,0.47,7.8,3.14,20.2,
5.32,1898.11,0.2,0.35,6.66,3.14,20.53,
7.93,1901.07,0.31,0.49,7.61,3.14,23.14,
9.78,1933.11,0.45,0.44,13.2,3.15,12.01,
6.02,1899.12,0.21,0.48,7.9,3.15,18.51,
6.1,1900.01,0.22,0.48,7.9,3.15,18.67,
6.21,1900.02,0.23,0.48,7.99,3.15,18.7,
8,1901.09,0.32,0.5,7.8,3.15,22.59,
8.04,1901.08,0.31,0.49,7.71,3.15,23.08,
5.15,1898.1,0.2,0.34,6.66,3.16,19.95,
7.91,1901.1,0.32,0.5,7.8,3.16,22.25,
9.55,1933.1,0.45,0.44,13.2,3.17,11.7,
7.95,1901.12,0.32,0.5,7.99,3.17,21.68,
8.08,1901.11,0.32,0.5,7.9,3.17,22.38,
10.58,1933.09,0.46,0.43,13.2,3.18,12.92,
48.05,1956.04,1.75,3.66,26.9,3.18,19.37,
5.26,1898.09,0.2,0.34,6.66,3.18,20.44,
8.12,1902.01,0.32,0.51,7.9,3.18,22.34,
8.19,1902.02,0.32,0.52,7.9,3.19,22.46,
10.67,1933.08,0.46,0.43,13.2,3.2,13,
45.98,1958.07,1.73,2.91,29,3.2,14.96,
5.27,1898.08,0.19,0.34,6.66,3.2,20.54,
8.2,1902.03,0.32,0.53,7.9,3.2,22.41,
40.33,1957.12,1.79,3.37,28.4,3.21,13.67,
8.48,1902.04,0.32,0.54,7.99,3.21,22.82,
11.23,1933.07,0.47,0.43,13.1,3.22,13.75,
8.46,1902.05,0.32,0.55,8.09,3.22,22.43,
10.39,1933.06,0.47,0.43,12.7,3.23,13.1,
5.08,1898.07,0.19,0.33,6.66,3.23,19.86,
8.41,1902.06,0.33,0.57,8.18,3.23,21.96,
8.6,1902.07,0.33,0.58,8.18,3.24,22.39,
8.87,1933.05,0.48,0.42,12.6,3.25,11.25,
5.06,1898.06,0.19,0.33,6.76,3.25,19.54,
8.83,1902.08,0.33,0.59,8.09,3.25,23.17,
6.89,1933.04,0.48,0.42,12.6,3.26,8.72,
8.85,1902.09,0.33,0.6,8.18,3.26,22.86,
4.87,1898.05,0.19,0.33,7.23,3.27,17.6,
8.57,1902.1,0.33,0.61,8.75,3.27,20.6,
6.23,1933.03,0.49,0.42,12.6,3.28,7.87,
8.24,1902.11,0.33,0.62,8.47,3.28,20.41,
6.25,1933.02,0.49,0.42,12.7,3.29,7.83,
902.41,2009.05,26.14,,213.856,3.29,15.87,
4.57,1898.04,0.19,0.32,6.76,3.29,17.71,
8.05,1902.12,0.33,0.63,8.56,3.29,19.63,
21.71,1930.01,0.97,1.56,17.1,3.29,22.31,
23.07,1930.02,0.97,1.5,17,3.29,23.7,
8.46,1903.01,0.33,0.62,8.66,3.3,20.32,
23.94,1930.03,0.97,1.45,16.9,3.3,24.59,
25.46,1930.04,0.97,1.4,17,3.3,25.84,
7.09,1933.01,0.5,0.41,12.9,3.31,8.73,
4.65,1898.03,0.19,0.32,6.76,3.31,18.04,
8.41,1903.02,0.33,0.61,8.66,3.31,20.11,
21.52,1930.06,0.98,1.29,16.8,3.31,21.87,
23.94,1930.05,0.97,1.34,16.9,3.31,24.31,
8.08,1903.03,0.34,0.61,8.37,3.32,19.88,
20.78,1930.09,0.98,1.13,16.6,3.32,21.07,
20.79,1930.08,0.98,1.18,16.5,3.32,21.3,
21.06,1930.07,0.98,1.24,16.6,3.32,21.55,
21.4,1929.12,0.97,1.61,17.2,3.32,22.01,
16.03,1927.08,0.74,1.15,17.2,3.33,16.86,
16.62,1930.11,0.98,1.02,16.4,3.33,16.94,
16.68,1927.1,0.76,1.13,17.4,3.33,17.54,
16.94,1927.09,0.75,1.14,17.3,3.33,17.82,
17.06,1927.11,0.76,1.12,17.3,3.33,18.13,
17.92,1930.1,0.98,1.08,16.5,3.33,18.21,
17.46,1927.12,0.77,1.11,17.3,3.33,18.65,
48.49,1956.08,1.83,3.51,27.3,3.33,18.67,
17.53,1928.01,0.78,1.13,17.3,3.33,18.81,
4.87,1898.02,0.18,0.32,6.76,3.33,18.92,
7.6,1903.05,0.34,0.59,8.18,3.33,18.95,
7.75,1903.04,0.34,0.6,8.37,3.33,18.98,
988,2003.06,16.17,34.55,183.7,3.33,24.83,
6.82,1932.12,0.5,0.41,13.1,3.34,8.26,
13.4,1927.01,0.7,1.23,17.5,3.34,13.19,
13.66,1927.02,0.7,1.22,17.4,3.34,13.63,
13.87,1927.03,0.71,1.21,17.3,3.34,14.03,
14.21,1927.04,0.72,1.2,17.3,3.34,14.49,
14.7,1927.05,0.72,1.19,17.4,3.34,15,
14.89,1927.06,0.73,1.18,17.6,3.34,15.12,
15.22,1927.07,0.74,1.16,17.3,3.34,15.82,
43.47,1957.02,1.73,3.4,27.7,3.34,15.84,
15.51,1930.12,0.98,0.97,16.1,3.34,16.06,
15.98,1931.01,0.97,0.94,15.9,3.34,16.71,
46.24,1956.1,1.81,3.44,27.5,3.34,17.42,
7.18,1903.06,0.34,0.58,8.18,3.34,17.82,
20.58,1929.11,0.96,1.59,17.3,3.34,21.17,
6.85,1903.07,0.34,0.57,8.18,3.35,16.92,
4.75,1897.12,0.18,0.31,6.66,3.35,18.75,
17.32,1928.02,0.78,1.16,17.1,3.35,18.87,
4.88,1898.01,0.18,0.31,6.66,3.35,19.25,
6.63,1903.08,0.34,0.56,8.18,3.36,16.3,
4.65,1897.11,0.18,0.3,6.66,3.36,18.36,
4.82,1897.1,0.18,0.29,6.66,3.36,19.03,
7.05,1932.11,0.53,0.43,13.2,3.37,8.46,
13.49,1926.12,0.69,1.24,17.7,3.37,13.01,
6.47,1903.09,0.35,0.56,8.28,3.37,15.65,
5.2,1886.01,0.24,0.28,7.99,3.37,16.69,
17.2,1931.02,0.95,0.91,15.7,3.37,18.16,
4.75,1897.08,0.18,0.28,6.57,3.37,19.01,
4.98,1897.09,0.18,0.29,6.76,3.37,19.37,
27.99,1929.1,0.95,1.57,17.3,3.37,28.96,
6.26,1903.1,0.35,0.55,8.18,3.38,15.25,
6.28,1903.11,0.35,0.54,8.09,3.38,15.41,
5.2,1885.12,0.24,0.27,8.18,3.38,16.3,
5.3,1886.02,0.24,0.28,7.99,3.38,17.01,
4.08,1897.05,0.18,0.25,6.28,3.38,17.05,
46.84,1956.09,1.84,3.46,27.4,3.38,17.84,
4.27,1897.06,0.18,0.26,6.28,3.38,17.85,
4.46,1897.07,0.18,0.27,6.28,3.38,18.65,
18.25,1928.03,0.79,1.18,17.1,3.38,19.94,
6.57,1903.12,0.35,0.53,8.09,3.39,16.04,
4.06,1897.04,0.18,0.24,6.37,3.39,16.7,
4.19,1897.03,0.18,0.24,6.47,3.39,16.96,
31.3,1929.09,0.94,1.55,17.3,3.39,32.56,
7.12,1932.1,0.55,0.44,13.3,3.4,8.48,
13.19,1926.11,0.68,1.24,17.7,3.4,12.62,
6.68,1904.01,0.35,0.53,8.28,3.4,15.86,
5.24,1885.11,0.25,0.27,7.99,3.4,16.82,
5.19,1886.03,0.24,0.29,7.9,3.4,16.84,
4.18,1897.02,0.18,0.23,6.47,3.4,16.89,
4.22,1897.01,0.18,0.22,6.47,3.4,17.03,
17.53,1931.03,0.94,0.88,15.6,3.4,18.58,
19.4,1928.04,0.8,1.2,17.1,3.4,21.26,
6.5,1904.02,0.34,0.52,8.47,3.41,15.02,
6.48,1904.03,0.34,0.52,8.37,3.41,15.08,
44.03,1957.03,1.73,3.4,27.8,3.41,15.9,
4.92,1885.1,0.25,0.28,7.9,3.41,15.99,
5.12,1886.04,0.23,0.29,7.8,3.41,16.8,
4.65,1885.09,0.26,0.28,7.9,3.42,15.12,
6.64,1904.04,0.34,0.52,8.28,3.42,15.57,
4.22,1896.12,0.18,0.21,6.66,3.42,16.5,
5.32,1889.12,0.22,0.3,7.8,3.42,16.61,
5.02,1886.05,0.23,0.3,7.61,3.42,16.86,
5.38,1890.01,0.22,0.3,7.61,3.42,17.22,
20,1928.05,0.8,1.22,17.2,3.42,21.83,
30.1,1929.08,0.93,1.53,17.3,3.42,31.48,
8.26,1932.09,0.58,0.46,13.4,3.43,9.76,
13.02,1926.1,0.68,1.24,17.6,3.43,12.43,
4.71,1885.08,0.26,0.28,7.99,3.43,15.13,
6.51,1904.06,0.33,0.51,8.09,3.43,15.47,
6.5,1904.05,0.33,0.51,8.09,3.43,15.53,
15.86,1931.04,0.93,0.85,15.5,3.43,16.87,
5.35,1889.11,0.22,0.3,7.71,3.43,16.91,
5.4,1889.1,0.22,0.29,7.71,3.43,17.05,
4.38,1896.11,0.18,0.21,6.66,3.43,17.09,
5.37,1889.08,0.22,0.29,7.61,3.43,17.13,
5.5,1889.09,0.22,0.29,7.71,3.43,17.35,
5.25,1886.06,0.23,0.3,7.52,3.43,17.83,
9.54,1905.12,0.33,0.67,8.47,3.43,19.58,
9.87,1906.01,0.34,0.68,8.47,3.43,20.13,
6.78,1904.07,0.33,0.51,8.09,3.44,16.04,
5.18,1889.04,0.23,0.27,7.8,3.44,16.05,
5.3,1889.07,0.22,0.28,7.61,3.44,16.89,
5.32,1889.05,0.23,0.28,7.61,3.44,16.92,
5.32,1890.02,0.22,0.3,7.61,3.44,17.03,
5.41,1889.06,0.23,0.28,7.61,3.44,17.22,
9.31,1905.11,0.33,0.66,8.37,3.44,19.44,
9.36,1905.1,0.33,0.64,8.28,3.44,19.9,
19.02,1928.06,0.81,1.25,17.1,3.44,20.91,
13.32,1926.09,0.67,1.24,17.5,3.45,12.69,
4.46,1885.07,0.27,0.29,7.99,3.45,14.33,
14.33,1931.05,0.91,0.82,15.3,3.45,15.4,
5.24,1889.01,0.23,0.26,7.99,3.45,15.8,
5.19,1889.03,0.23,0.27,7.8,3.45,16.07,
5.3,1889.02,0.23,0.27,7.9,3.45,16.19,
7.01,1904.08,0.32,0.5,8.18,3.45,16.3,
4.1,1896.1,0.18,0.22,6.47,3.45,16.44,
7.32,1904.09,0.32,0.5,8.28,3.45,16.74,
5.28,1890.03,0.22,0.3,7.61,3.45,16.9,
5.33,1886.07,0.23,0.31,7.61,3.45,17.85,
9.2,1905.08,0.32,0.61,8.37,3.45,19.57,
9.23,1905.09,0.33,0.63,8.28,3.45,19.74,
9.8,1906.02,0.34,0.69,8.47,3.45,19.87,
28.48,1929.07,0.92,1.51,17.3,3.45,29.93,
7.53,1932.08,0.61,0.48,13.5,3.46,8.83,
4.3,1885.06,0.28,0.29,7.9,3.46,13.98,
4.25,1895.01,0.21,0.17,6.57,3.46,16.52,
45.43,1957.01,1.74,3.41,27.6,3.46,16.72,
7.75,1904.1,0.32,0.5,8.28,3.46,17.63,
5.37,1886.08,0.23,0.31,7.71,3.46,17.72,
8.5,1905.05,0.32,0.57,8.28,3.46,18.63,
8.6,1905.06,0.32,0.58,8.28,3.46,18.74,
8.87,1905.07,0.32,0.6,8.28,3.46,19.21,
4.32,1885.05,0.28,0.29,8.09,3.47,13.71,
5.14,1888.12,0.23,0.26,8.28,3.47,14.95,
4.19,1895.02,0.21,0.18,6.57,3.47,16.33,
4.01,1896.09,0.18,0.22,6.28,3.47,16.54,
5.39,1890.04,0.22,0.3,7.61,3.47,17.26,
8.17,1904.11,0.31,0.49,8.47,3.47,18.08,
5.51,1886.09,0.23,0.32,7.71,3.47,18.15,
8.25,1904.12,0.31,0.49,8.47,3.47,18.16,
9.56,1906.03,0.35,0.69,8.47,3.47,19.26,
8.94,1905.04,0.32,0.55,8.37,3.47,19.48,
9.05,1905.03,0.32,0.54,8.37,3.47,19.83,
19.16,1928.07,0.82,1.27,17.1,3.47,21.08,
26.15,1929.06,0.91,1.5,17.1,3.47,27.94,
13.12,1926.08,0.66,1.24,17.4,3.48,12.49,
4.37,1885.04,0.29,0.3,8.28,3.48,13.55,
13.87,1931.06,0.9,0.79,15.1,3.48,15.06,
3.81,1896.08,0.18,0.22,6.28,3.48,15.7,
45.05,1957.04,1.73,3.41,27.9,3.48,16.12,
4.19,1895.03,0.21,0.18,6.57,3.48,16.36,
4.3,1894.12,0.21,0.16,6.57,3.48,16.67,
8.43,1905.01,0.31,0.51,8.47,3.48,18.46,
5.65,1886.1,0.22,0.32,7.71,3.48,18.56,
8.8,1905.02,0.31,0.52,8.47,3.48,19.17,
5.24,1888.11,0.23,0.27,8.28,3.49,15.22,
45.76,1956.11,1.77,3.43,27.5,3.49,17.12,
5.62,1890.05,0.22,0.3,7.71,3.49,17.79,
9.43,1906.04,0.35,0.7,8.47,3.49,18.88,
19.78,1928.08,0.82,1.29,17.1,3.49,21.76,
5.01,1932.07,0.63,0.49,13.6,3.5,5.84,
4.38,1885.03,0.29,0.3,8.18,3.5,13.73,
4.37,1895.04,0.2,0.19,6.85,3.5,16.39,
4.34,1894.11,0.21,0.17,6.66,3.5,16.54,
4.04,1896.07,0.18,0.23,6.28,3.5,16.64,
5.58,1890.06,0.22,0.3,7.71,3.5,17.68,
5.79,1886.11,0.22,0.33,7.71,3.5,18.97,
25.66,1929.05,0.9,1.48,17,3.5,27.7,
12.62,1926.07,0.65,1.24,17.5,3.51,11.87,
4.37,1885.02,0.3,0.3,8.37,3.51,13.38,
14.33,1931.07,0.89,0.76,15.1,3.51,15.52,
5.35,1888.1,0.23,0.28,8.18,3.51,15.72,
4.61,1895.05,0.2,0.2,6.95,3.51,17.08,
9.18,1906.05,0.36,0.71,8.56,3.51,18.05,
5.64,1886.12,0.22,0.33,7.8,3.51,18.19,
1316.94,2008.03,28.3,60.39,213.528,3.51,22.6,
21.17,1928.09,0.83,1.31,17.3,3.51,23,
4.24,1885.01,0.3,0.31,8.28,3.52,13.13,
5.38,1888.09,0.24,0.29,8.09,3.52,15.99,
4.34,1894.1,0.22,0.18,6.66,3.52,16.5,
4.7,1895.06,0.2,0.21,7.04,3.52,17.21,
5.58,1887.01,0.22,0.33,7.99,3.52,17.51,
5.54,1890.07,0.22,0.29,7.71,3.52,17.59,
4.32,1896.06,0.19,0.23,6.28,3.52,17.78,
25.28,1929.04,0.89,1.46,16.9,3.52,27.57,
4.77,1932.06,0.66,0.51,13.6,3.53,5.57,
4.34,1884.12,0.31,0.31,8.28,3.53,13.43,
883.04,2008.11,28.54,25.24,212.425,3.53,15.25,
5.54,1887.02,0.23,0.34,8.09,3.53,17.13,
4.72,1895.07,0.2,0.21,6.95,3.53,17.55,
4.4,1896.05,0.19,0.23,6.37,3.53,17.83,
9.3,1906.06,0.37,0.72,8.56,3.53,18.17,
21.6,1928.1,0.84,1.34,17.2,3.53,23.58,
12.11,1926.06,0.65,1.25,17.7,3.54,11.2,
4.35,1884.11,0.31,0.32,8.37,3.54,13.3,
13.9,1931.08,0.87,0.73,15.1,3.54,15.01,
47.7,1958.08,1.73,2.9,28.9,3.54,15.54,
5.25,1888.08,0.24,0.29,8.09,3.54,15.6,
4.48,1894.09,0.22,0.19,6.85,3.54,16.52,
5.41,1890.08,0.22,0.29,7.99,3.54,16.6,
4.79,1895.08,0.2,0.22,6.85,3.54,18.07,
4.44,1884.1,0.31,0.33,8.56,3.55,13.27,
4.59,1884.09,0.32,0.33,8.66,3.55,13.57,
5.32,1890.09,0.22,0.29,8.09,3.55,16.17,
5.67,1887.03,0.23,0.34,8.09,3.55,17.47,
4.42,1896.04,0.19,0.24,6.47,3.55,17.64,
4.82,1895.09,0.2,0.23,6.85,3.55,18.2,
9.06,1906.07,0.37,0.72,8.28,3.55,18.2,
25.43,1929.03,0.88,1.44,17,3.55,27.68,
5.51,1932.05,0.69,0.53,13.7,3.56,6.39,
4.74,1884.08,0.32,0.34,8.75,3.56,13.86,
5.14,1888.07,0.24,0.3,8.09,3.56,15.28,
4.41,1894.08,0.22,0.19,6.76,3.56,16.46,
5.8,1887.04,0.23,0.34,8.09,3.56,17.82,
23.06,1928.11,0.84,1.36,17.2,3.56,25.12,
11.56,1926.05,0.64,1.25,17.8,3.57,10.58,
11.83,1931.09,0.86,0.7,15,3.57,12.82,
4.46,1884.07,0.32,0.35,8.75,3.57,13.04,
5.08,1890.1,0.22,0.29,8.09,3.57,15.48,
4.38,1896.03,0.19,0.24,6.57,3.57,17.23,
4.75,1895.1,0.19,0.24,6.85,3.57,17.94,
5.9,1887.05,0.23,0.34,8.09,3.57,18.08,
9.73,1906.08,0.38,0.73,8.47,3.57,18.97,
935.96,2003.05,16.19,33.14,183.5,3.57,23.59,
24.99,1929.02,0.87,1.42,17.1,3.57,27.13,
4.46,1884.06,0.32,0.36,8.85,3.58,12.91,
5.01,1888.06,0.24,0.31,7.99,3.58,15.08,
4.25,1894.07,0.23,0.2,6.57,3.58,16.29,
4.59,1895.11,0.19,0.24,6.85,3.58,17.34,
4.45,1896.02,0.19,0.24,6.57,3.58,17.52,
5.73,1887.06,0.24,0.35,7.99,3.58,17.71,
23.15,1928.12,0.85,1.38,17.1,3.58,25.3,
6.28,1932.04,0.71,0.54,13.9,3.59,7.19,
4.65,1884.05,0.32,0.36,8.85,3.59,13.47,
4.71,1890.11,0.22,0.29,7.9,3.59,14.75,
4.32,1895.12,0.19,0.25,6.76,3.59,16.55,
46.44,1956.12,1.74,3.41,27.6,3.59,17.2,
10.03,1906.09,0.38,0.74,8.56,3.59,19.2,
11.48,1926.04,0.63,1.25,17.9,3.6,10.4,
10.25,1931.1,0.85,0.67,14.9,3.6,11.15,
5.06,1884.04,0.32,0.37,9.04,3.6,14.35,
4.6,1890.12,0.22,0.29,7.9,3.6,14.44,
5.3,1884.03,0.33,0.38,9.23,3.6,14.74,
5.17,1888.05,0.24,0.32,8.09,3.6,15.39,
4.27,1896.01,0.19,0.25,6.66,3.6,16.58,
46.78,1957.05,1.73,3.41,28,3.6,16.6,
4.34,1894.06,0.23,0.21,6.57,3.6,16.61,
5.59,1887.07,0.24,0.35,7.9,3.6,17.43,
5.25,1891.11,0.22,0.34,7.52,3.6,17.67,
5.41,1891.12,0.22,0.34,7.52,3.6,18.21,
5.51,1892.01,0.22,0.34,7.33,3.6,19.02,
24.86,1929.01,0.86,1.4,17.1,3.6,27.08,
5.32,1884.02,0.33,0.39,9.23,3.61,14.81,
4.95,1891.05,0.22,0.31,7.99,3.61,15.57,
4.77,1891.07,0.22,0.32,7.71,3.61,15.62,
4.85,1891.06,0.22,0.32,7.8,3.61,15.66,
4.93,1891.08,0.22,0.32,7.71,3.61,16.16,
5.45,1887.08,0.24,0.35,7.99,3.61,16.74,
5.33,1891.09,0.22,0.33,7.61,3.61,17.71,
5.33,1891.1,0.22,0.33,7.61,3.61,17.72,
9.73,1906.1,0.39,0.75,8.75,3.61,18.1,
5.52,1892.02,0.22,0.35,7.33,3.61,19.04,
8.26,1932.03,0.74,0.56,14,3.62,9.41,
11.81,1926.03,0.62,1.25,17.8,3.62,10.71,
10.39,1931.11,0.83,0.64,14.7,3.62,11.42,
5.68,1882.06,0.32,0.44,10.56,3.62,14.33,
5.18,1884.01,0.33,0.39,9.23,3.62,14.43,
5.71,1882.05,0.32,0.44,10.47,3.62,14.57,
5.34,1883.12,0.33,0.4,9.23,3.62,14.9,
5.78,1882.04,0.32,0.44,10.37,3.62,14.92,
5.1,1888.04,0.24,0.33,8.18,3.62,15.02,
5.38,1883.1,0.33,0.41,9.23,3.62,15.05,
4.81,1891.03,0.22,0.3,7.99,3.62,15.05,
5.78,1882.03,0.32,0.44,10.28,3.62,15.09,
5.79,1882.02,0.32,0.44,10.28,3.62,15.15,
5.47,1883.08,0.33,0.41,9.32,3.62,15.2,
5.46,1883.11,0.33,0.4,9.13,3.62,15.41,
4.97,1891.04,0.22,0.31,8.09,3.62,15.41,
4.84,1891.01,0.22,0.29,7.8,3.62,15.43,
4.9,1891.02,0.22,0.3,7.9,3.62,15.48,
5.53,1883.09,0.33,0.41,9.23,3.62,15.49,
5.92,1882.01,0.32,0.44,10.18,3.62,15.68,
5.38,1887.09,0.24,0.35,7.9,3.62,16.68,
4.4,1894.05,0.23,0.22,6.57,3.62,16.81,
5.68,1883.02,0.32,0.43,10.09,3.63,14.76,
5.08,1888.03,0.25,0.34,8.28,3.63,14.81,
5.75,1883.03,0.32,0.42,9.99,3.63,15.05,
5.81,1882.11,0.32,0.43,10.09,3.63,15.19,
6,1882.07,0.32,0.43,10.47,3.63,15.24,
5.81,1883.01,0.32,0.43,9.99,3.63,15.27,
5.77,1883.05,0.32,0.42,9.8,3.63,15.34,
5.84,1882.12,0.32,0.43,9.99,3.63,15.38,
5.87,1883.04,0.32,0.42,9.9,3.63,15.48,
6.18,1882.08,0.32,0.43,10.56,3.63,15.53,
6.07,1882.1,0.32,0.43,10.18,3.63,15.76,
5.2,1887.1,0.25,0.36,7.99,3.63,15.88,
5.82,1883.06,0.33,0.42,9.51,3.63,15.9,
5.73,1883.07,0.33,0.41,9.32,3.63,15.95,
6.01,1881.12,0.32,0.44,10.18,3.63,15.96,
6.24,1882.09,0.32,0.43,10.28,3.63,16.08,
6.19,1881.11,0.32,0.44,10.18,3.63,16.48,
9.93,1906.11,0.39,0.75,8.85,3.63,18.14,
5.58,1892.03,0.23,0.35,7.14,3.63,19.74,
6.15,1881.1,0.31,0.45,10.28,3.64,16.26,
4.57,1894.04,0.24,0.23,6.57,3.64,17.43,
5.57,1892.04,0.23,0.35,7.04,3.64,19.94,
8.44,1931.12,0.82,0.61,14.6,3.65,9.31,
8.23,1932.02,0.77,0.58,14.1,3.65,9.34,
12.67,1926.02,0.62,1.25,17.9,3.65,11.39,
5.28,1888.02,0.25,0.34,8.28,3.65,15.42,
5.3,1887.11,0.25,0.36,8.09,3.65,15.95,
6.25,1881.09,0.31,0.45,10.18,3.65,16.72,
6.2,1881.08,0.3,0.46,9.8,3.65,17.29,
9.84,1906.12,0.4,0.76,8.94,3.65,17.66,
5.57,1892.05,0.23,0.35,7.04,3.65,19.91,
5.27,1887.12,0.25,0.36,8.28,3.66,15.46,
4.51,1894.03,0.24,0.24,6.57,3.66,17.19,
6.35,1881.07,0.3,0.46,9.61,3.66,18.12,
5.54,1892.06,0.23,0.36,7.04,3.66,19.77,
5.31,1888.01,0.25,0.35,8.37,3.67,15.36,
9.56,1907.01,0.4,0.75,8.85,3.67,17.22,
6.5,1881.05,0.29,0.47,9.51,3.67,18.87,
6.58,1881.06,0.29,0.47,9.51,3.67,19.03,
8.3,1932.01,0.79,0.59,14.3,3.68,9.31,
12.65,1926.01,0.61,1.25,17.9,3.68,11.34,
4.38,1894.02,0.24,0.24,6.76,3.68,16.2,
6.22,1881.04,0.28,0.47,9.61,3.68,17.95,
5.54,1892.07,0.23,0.36,7.23,3.68,19.21,
1370.47,2008.04,28.44,57.38,214.823,3.68,23.35,
9.26,1907.02,0.41,0.74,9.04,3.69,16.22,
6.17,1881.02,0.27,0.48,9.51,3.69,18.15,
6.24,1881.03,0.28,0.48,9.51,3.69,18.27,
5.62,1892.08,0.23,0.36,7.33,3.69,19.2,
1216.95,2008.09,28.85,45.95,218.783,3.69,20.36,
12.46,1925.12,0.6,1.25,17.9,3.7,11.15,
8.35,1907.03,0.41,0.74,8.94,3.7,14.69,
4.41,1893.12,0.25,0.26,7.04,3.7,15.61,
4.32,1894.01,0.25,0.25,6.85,3.7,15.74,
6.19,1881.01,0.27,0.49,9.42,3.7,18.47,
5.48,1892.09,0.24,0.36,7.33,3.7,18.69,
12.26,1925.11,0.6,1.22,18,3.71,10.89,
4.5,1893.1,0.25,0.28,7.33,3.71,15.27,
4.57,1893.11,0.25,0.27,7.14,3.71,15.94,
5.59,1892.1,0.24,0.37,7.33,3.71,19.04,
66.5,1961.05,1.94,3.05,29.8,3.71,20.6,
40.35,1957.11,1.78,3.4,28.4,3.72,13.74,
4.08,1893.08,0.25,0.3,6.95,3.72,14.59,
8.39,1907.04,0.41,0.73,8.94,3.72,14.67,
4.37,1893.09,0.25,0.29,7.23,3.72,15.01,
921.91,2009.06,25.59,,215.693,3.72,16.07,
11.89,1925.1,0.59,1.2,17.7,3.73,10.72,
4.18,1893.07,0.25,0.31,7.23,3.73,14.35,
4.61,1893.06,0.25,0.32,7.42,3.73,15.42,
4.84,1893.05,0.24,0.32,7.61,3.73,15.78,
5.57,1892.11,0.24,0.37,7.52,3.73,18.46,
5.84,1880.12,0.26,0.49,9.51,3.73,NA,
11.51,1925.09,0.59,1.17,17.7,3.74,10.36,
8.1,1907.05,0.42,0.72,9.13,3.74,13.79,
5.31,1893.03,0.24,0.34,7.8,3.74,16.9,
52.5,1958.11,1.74,2.89,29,3.74,16.99,
5.31,1893.04,0.24,0.33,7.71,3.74,17.1,
5.51,1892.12,0.24,0.37,7.61,3.74,18.01,
64.12,1961.03,1.94,3.09,29.8,3.74,19.84,
1354.87,2008.02,28.11,62.32,211.693,3.74,23.49,
1378.76,2008.01,27.92,64.25,211.08,3.74,24.01,
7.84,1907.06,0.42,0.71,9.23,3.75,13.14,
5.51,1893.02,0.24,0.35,7.99,3.75,17.13,
5.61,1893.01,0.24,0.36,7.9,3.75,17.66,
5.61,1880.11,0.26,0.48,9.42,3.75,NA,
11.25,1925.08,0.58,1.14,17.7,3.76,10.11,
9.06,1909.01,0.4,0.6,8.94,3.76,14.76,
48.96,1958.09,1.73,2.88,28.9,3.76,15.93,
11.1,1925.07,0.58,1.12,17.7,3.77,9.96,
8.14,1907.07,0.42,0.7,9.23,3.77,13.59,
8.8,1909.02,0.41,0.61,9.04,3.77,14.17,
9.03,1908.12,0.4,0.58,9.04,3.77,14.58,
8.83,1908.11,0.4,0.59,8.94,3.78,14.44,
62.17,1961.02,1.94,3.15,29.8,3.78,19.23,
65.83,1961.04,1.94,3.07,29.8,3.78,20.38,
5.33,1880.1,0.25,0.47,9.32,3.78,NA,
10.8,1925.06,0.58,1.09,17.5,3.79,9.8,
7.53,1907.08,0.43,0.69,9.23,3.79,12.51,
8.27,1908.1,0.41,0.59,8.85,3.79,13.69,
8.92,1909.03,0.41,0.63,9.04,3.79,14.34,
10.61,1925.05,0.57,1.06,17.3,3.8,9.73,
7.45,1907.09,0.43,0.69,9.23,3.8,12.33,
8.17,1908.09,0.41,0.6,8.75,3.8,13.7,
9.32,1909.04,0.41,0.64,9.23,3.8,14.65,
50.95,1958.1,1.74,2.88,28.9,3.8,16.56,
47.55,1957.06,1.73,3.42,28.1,3.8,16.73,
54.81,1960.09,1.95,3.27,29.6,3.8,17.05,
56.51,1960.08,1.95,3.27,29.6,3.8,17.58,
8.26,1908.08,0.41,0.61,8.75,3.81,13.88,
9.63,1909.05,0.42,0.66,9.32,3.81,14.95,
968.8,2008.1,28.7,35.59,216.573,3.81,16.38,
846.63,2003.03,16.22,30.32,184.2,3.81,21.31,
5.18,1880.09,0.25,0.46,9.32,3.81,NA,
10.28,1925.04,0.57,1.04,17.2,3.82,9.48,
6.64,1907.1,0.43,0.68,9.32,3.82,10.83,
7.64,1908.06,0.42,0.62,8.66,3.82,13.05,
7.92,1908.07,0.42,0.61,8.75,3.82,13.35,
9.8,1909.06,0.42,0.67,9.42,3.82,15.04,
10.39,1925.03,0.56,1.01,17.3,3.83,9.52,
7.63,1908.05,0.42,0.63,8.66,3.83,13.08,
65.06,1963.01,2.14,3.68,30.4,3.83,19.26,
1123.98,2004.03,18.02,52,187.4,3.83,26.88,
5.19,1880.08,0.24,0.45,9.23,3.83,NA,
6.25,1907.11,0.44,0.67,8.94,3.84,10.59,
7.24,1908.04,0.43,0.63,8.66,3.84,12.45,
9.94,1909.07,0.42,0.69,9.42,3.84,15.23,
56.8,1960.12,1.95,3.27,29.8,3.84,17.56,
59.72,1961.01,1.95,3.21,29.8,3.84,18.47,
68.05,1962.04,2.05,3.4,30.2,3.84,20.66,
10.67,1925.02,0.56,0.98,17.2,3.85,9.83,
6.57,1907.12,0.44,0.66,8.75,3.85,11.33,
6.87,1908.03,0.43,0.64,8.56,3.85,11.98,
10.18,1909.08,0.43,0.7,9.51,3.85,15.42,
10.58,1925.01,0.55,0.96,17.3,3.86,9.69,
6.6,1908.02,0.43,0.65,8.56,3.86,11.55,
10.19,1909.09,0.43,0.72,9.61,3.86,15.25,
53.49,1958.12,1.75,2.89,28.9,3.86,17.36,
62.64,1962.12,2.13,3.67,30.4,3.86,18.59,
5.01,1880.07,0.24,0.44,9.23,3.86,NA,
6.85,1908.01,0.44,0.65,8.66,3.87,11.9,
10.23,1909.1,0.43,0.73,9.8,3.87,14.99,
62.99,1962.05,2.05,3.44,30.2,3.87,19.09,
867.81,2002.09,15.79,30.34,181,3.87,22.36,
10.16,1924.12,0.55,0.93,17.3,3.88,9.31,
65.62,1961.06,1.94,3.03,29.8,3.88,20.33,
1403.22,2008.05,28.57,54.38,216.632,3.88,23.69,
9.64,1924.11,0.55,0.93,17.2,3.89,8.89,
10.18,1909.11,0.44,0.75,9.9,3.89,14.75,
53.73,1960.1,1.95,3.27,29.8,3.89,16.61,
1281.47,2008.08,28.8,47.76,219.086,3.89,21.39,
4.79,1880.06,0.23,0.44,9.23,3.89,NA,
10.3,1909.12,0.44,0.76,9.99,3.9,14.75,
55.84,1960.07,1.95,3.26,29.6,3.9,17.38,
837.03,2003.02,16.17,29.41,183.1,3.9,21.21,
9.13,1924.1,0.55,0.94,17.2,3.91,8.42,
10.08,1910.01,0.44,0.76,9.9,3.91,14.55,
55.63,1962.06,2.06,3.47,30.2,3.91,16.83,
4.77,1880.05,0.23,0.43,9.42,3.91,NA,
9.72,1910.02,0.45,0.76,9.9,3.92,14,
9.96,1910.03,0.45,0.75,10.09,3.92,14.05,
43.98,1957.09,1.76,3.47,28.3,3.92,15.16,
60.04,1962.11,2.11,3.62,30.4,3.92,17.85,
65.92,1963.02,2.14,3.7,30.4,3.92,19.47,
65.44,1961.07,1.95,3.04,30,3.92,20.15,
68,1961.1,1.98,3.1,30,3.92,20.92,
9.25,1924.09,0.55,0.94,17.1,3.93,8.58,
9.72,1910.04,0.45,0.75,10.18,3.93,13.56,
9.56,1910.05,0.45,0.75,9.99,3.93,13.57,
45.84,1957.08,1.75,3.45,28.3,3.93,15.87,
56.17,1962.1,2.1,3.58,30.4,3.93,16.74,
48.51,1957.07,1.74,3.44,28.3,3.93,16.87,
55.47,1960.11,1.95,3.27,29.8,3.93,17.15,
65.67,1963.03,2.15,3.71,30.5,3.93,19.29,
70.14,1963.05,2.18,3.8,30.5,3.93,20.51,
70.29,1962.03,2.04,3.37,30.1,3.93,21.44,
9.34,1924.08,0.54,0.95,17,3.94,8.72,
9.1,1910.06,0.46,0.75,9.9,3.94,13.02,
71.08,1961.11,2,3.14,30,3.94,21.86,
854.63,2002.1,15.88,29.42,181.3,3.94,21.95,
5.18,1880.04,0.22,0.42,9.7,3.94,NA,
8.64,1910.07,0.46,0.74,9.9,3.95,12.34,
8.85,1910.08,0.46,0.74,9.8,3.95,12.75,
9.03,1924.07,0.54,0.95,17.1,3.96,8.38,
8.91,1910.09,0.46,0.74,9.7,3.96,12.94,
9.32,1910.1,0.47,0.74,9.42,3.96,13.92,
54.77,1959.02,1.76,3.04,28.9,3.96,17.76,
890.03,2003.04,16.2,31.73,183.8,3.96,22.42,
9.05,1910.12,0.47,0.73,9.23,3.97,13.74,
41.24,1957.1,1.77,3.44,28.3,3.97,14.15,
9.31,1910.11,0.47,0.73,9.23,3.97,14.16,
68.76,1963.04,2.17,3.75,30.5,3.97,20.15,
5.3,1880.03,0.22,0.41,10.09,3.97,NA,
8.63,1924.06,0.54,0.96,17,3.98,8.05,
9.27,1911.01,0.47,0.72,9.23,3.98,14.05,
9.43,1911.02,0.47,0.71,8.94,3.98,14.72,
58,1962.09,2.08,3.53,30.4,3.98,17.32,
58.52,1962.08,2.07,3.51,30.3,3.98,17.57,
67.26,1961.09,1.96,3.05,30,3.98,20.71,
992.54,2003.07,16.31,35.89,183.9,3.98,24.86,
8.47,1924.05,0.54,0.96,17,3.99,7.9,
9.32,1911.03,0.47,0.7,9.04,3.99,14.37,
9.28,1911.04,0.47,0.68,8.75,3.99,14.75,
9.48,1911.05,0.47,0.67,8.75,3.99,15.05,
9.67,1911.06,0.47,0.66,8.75,3.99,15.33,
56.16,1959.03,1.77,3.11,28.9,3.99,18.2,
70.11,1963.06,2.2,3.84,30.6,3.99,20.38,
5.2,1880.02,0.21,0.4,9.99,3.99,NA,
8.67,1911.09,0.47,0.63,9.23,4,13,
8.72,1911.1,0.47,0.61,9.23,4,13.07,
9.17,1911.08,0.47,0.64,9.13,4,13.9,
9.63,1911.07,0.47,0.65,8.85,4,15.08,
70.98,1963.08,2.21,3.92,30.7,4,20.47,
1202.25,2005.06,20.93,63.36,194.5,4,26.06,
8.5,1924.04,0.54,0.96,17,4.01,7.92,
9.07,1911.11,0.47,0.6,9.13,4.01,13.73,
9.12,1912.01,0.47,0.6,9.13,4.01,13.79,
9.11,1911.12,0.47,0.59,9.04,4.01,13.93,
56.97,1962.07,2.07,3.49,30.3,4.01,17.14,
1257.33,2008.07,28.76,49.56,219.964,4.01,20.9,
55.62,1959.01,1.76,2.96,29,4.02,17.98,
69.07,1963.07,2.2,3.88,30.7,4.02,19.97,
5.11,1880.01,0.21,0.39,9.99,4.02,NA,
8.7,1924.03,0.54,0.97,17.1,4.03,8.06,
899.18,2002.12,16.07,27.59,180.9,4.03,23.1,
8.87,1924.02,0.53,0.97,17.2,4.04,8.16,
67.79,1961.08,1.95,3.04,29.9,4.04,20.94,
70.22,1962.02,2.03,3.31,30.1,4.04,21.45,
4.92,1879.12,0.2,0.38,9.7,4.04,NA,
9.33,1916.01,0.44,0.93,10.4,4.05,12.54,
9.04,1912.02,0.47,0.61,9.23,4.05,13.53,
895.84,2003.01,16.12,28.5,181.7,4.05,22.89,
909.93,2002.11,15.98,28.51,181.3,4.05,23.34,
4.93,1879.11,0.2,0.37,9.42,4.05,NA,
8.83,1924.01,0.53,0.98,17.3,4.06,8.07,
71.74,1961.12,2.02,3.19,30,4.06,22.04,
9.2,1916.02,0.45,0.99,10.4,4.07,12.35,
9.48,1915.12,0.43,0.88,10.3,4.07,12.88,
4.68,1879.1,0.2,0.37,8.94,4.07,NA,
9.17,1916.03,0.46,1.04,10.5,4.08,12.18,
9.46,1915.11,0.43,0.85,10.3,4.08,12.86,
9.3,1912.03,0.47,0.62,9.42,4.08,13.64,
72.85,1963.09,2.21,3.96,30.7,4.08,20.96,
69.07,1962.01,2.03,3.25,30,4.08,21.2,
1143.36,2004.02,17.81,50.91,186.2,4.08,27.65,
8.55,1923.12,0.53,0.98,17.3,4.09,7.81,
4.22,1879.09,0.2,0.36,8.47,4.09,NA,
9.07,1916.04,0.47,1.1,10.6,4.1,11.91,
9.14,1915.1,0.43,0.82,10.2,4.1,12.55,
1341.25,2008.06,28.71,51.37,218.815,4.1,22.41,
1117.21,2004.1,19.25,58.03,190.9,4.1,25.41,
1479.22,2007.12,27.73,66.18,210.036,4.1,25.95,
4.07,1879.08,0.19,0.36,8.18,4.1,NA,
8.27,1923.11,0.53,0.96,17.3,4.11,7.55,
8.66,1915.09,0.43,0.79,10.1,4.11,12.01,
9.27,1916.05,0.48,1.15,10.7,4.11,12.03,
73.03,1963.1,2.23,3.98,30.8,4.11,20.89,
9.59,1912.04,0.47,0.63,9.7,4.12,13.65,
57.1,1959.04,1.78,3.21,29,4.12,18.43,
72.62,1963.11,2.26,4,30.8,4.12,20.72,
4.04,1879.07,0.19,0.35,8.18,4.12,NA,
8.35,1915.08,0.43,0.76,10.1,4.13,11.58,
9.36,1916.06,0.5,1.21,10.8,4.13,12,
74.17,1963.12,2.28,4.02,30.9,4.13,21.04,
1117.66,2004.09,19.16,57.77,189.9,4.13,25.66,
8.03,1923.1,0.53,0.93,17.3,4.14,7.32,
9.23,1916.07,0.51,1.26,10.8,4.14,11.79,
1178.28,2005.05,20.7,62.35,194.4,4.14,25.64,
3.96,1879.06,0.19,0.35,8.09,4.14,NA,
8.01,1915.07,0.43,0.73,10.1,4.15,11.11,
57.26,1960.06,1.95,3.26,29.6,4.15,17.82,
77.39,1964.02,2.31,4.13,30.9,4.15,21.83,
85.44,1964.11,2.48,4.52,31.2,4.15,23.23,
1463.39,2007.11,27.48,70.32,210.177,4.15,25.72,
1132.52,2004.01,17.6,49.83,185.2,4.15,27.65,
3.94,1879.05,0.19,0.34,8.18,4.15,NA,
8.15,1923.09,0.53,0.91,17.2,4.16,7.46,
8.04,1915.06,0.43,0.7,10.1,4.16,11.15,
8.37,1914.01,0.48,0.62,10,4.16,11.64,
9.3,1916.08,0.52,1.31,10.9,4.16,11.73,
9.58,1912.05,0.47,0.64,9.7,4.16,13.65,
8.32,1914.03,0.47,0.6,9.9,4.17,11.69,
8.48,1914.02,0.47,0.61,9.9,4.17,11.91,
9.68,1916.09,0.53,1.37,11.1,4.17,11.94,
76.45,1964.01,2.3,4.07,30.9,4.17,21.63,
80.24,1964.06,2.38,4.33,31,4.17,22.3,
1199.63,2005.02,19.97,59.73,191.8,4.17,26.74,
3.77,1879.04,0.19,0.33,8.18,4.17,NA,
7.95,1915.05,0.42,0.67,10.1,4.18,11.03,
8.04,1913.12,0.48,0.63,10,4.18,11.17,
8.12,1914.04,0.46,0.59,9.8,4.18,11.52,
83.96,1964.12,2.5,4.55,31.2,4.18,22.75,
1222.24,2005.07,21.11,64.43,195.4,4.18,26.28,
8.1,1923.08,0.52,0.88,17.1,4.19,7.44,
8.14,1915.04,0.42,0.64,10,4.19,11.4,
8.13,1914.06,0.45,0.58,9.9,4.19,11.43,
8.17,1914.05,0.46,0.58,9.9,4.19,11.48,
9.98,1916.1,0.54,1.42,11.3,4.19,12.05,
9.58,1912.06,0.48,0.65,9.61,4.19,13.79,
82,1964.08,2.42,4.42,31,4.19,22.65,
83.22,1964.07,2.4,4.38,31.1,4.19,22.98,
84.85,1964.1,2.46,4.5,31.1,4.19,23.21,
86.12,1965.01,2.52,4.59,31.2,4.19,23.27,
1168.94,2004.11,19.35,58.29,191,4.19,26.46,
3.65,1879.03,0.19,0.33,8.28,4.19,NA,
7.68,1914.07,0.45,0.57,10,4.2,10.69,
10.21,1916.11,0.55,1.48,11.5,4.2,12.05,
84.91,1965.07,2.63,4.89,31.6,4.2,22.3,
80.72,1964.05,2.36,4.28,30.9,4.2,22.57,
83.41,1964.09,2.44,4.47,31.1,4.2,22.89,
87.97,1965.04,2.57,4.73,31.4,4.2,23.42,
1225.92,2005.09,21.48,66.57,198.8,4.2,25.72,
3.71,1879.02,0.18,0.32,8.37,4.2,NA,
8.06,1923.07,0.52,0.86,17.2,4.21,7.35,
7.68,1914.08,0.44,0.56,10.2,4.21,10.49,
7.68,1914.09,0.44,0.55,10.2,4.21,10.5,
7.57,1915.03,0.42,0.61,9.9,4.21,10.71,
8.05,1913.11,0.48,0.64,10.1,4.21,11.07,
85.04,1965.06,2.61,4.84,31.6,4.21,22.39,
86.83,1965.03,2.55,4.68,31.3,4.21,23.25,
86.75,1965.02,2.53,4.64,31.2,4.21,23.37,
89.28,1965.05,2.59,4.79,31.4,4.21,23.71,
7.38,1915.02,0.42,0.58,10,4.22,10.33,
7.68,1914.1,0.43,0.54,10.1,4.22,10.61,
9.8,1916.12,0.56,1.53,11.6,4.22,11.41,
78.8,1964.03,2.33,4.18,30.9,4.22,22.17,
1181.41,2005.01,19.7,59.14,190.7,4.22,26.58,
3.58,1879.01,0.18,0.32,8.28,4.22,NA,
7.35,1914.12,0.42,0.52,10.1,4.23,10.17,
7.68,1914.11,0.43,0.53,10.2,4.23,10.52,
9.57,1917.01,0.57,1.51,11.7,4.23,10.99,
8.26,1913.1,0.48,0.64,10,4.23,11.47,
9.59,1912.07,0.48,0.65,9.61,4.23,13.8,
79.94,1964.04,2.35,4.23,30.9,4.23,22.42,
1199.21,2004.12,19.44,58.55,190.3,4.23,27.14,
3.45,1878.12,0.18,0.31,8.18,4.23,NA,
8.34,1923.06,0.52,0.84,17,4.24,7.67,
7.48,1915.01,0.42,0.55,10.1,4.24,10.36,
3.47,1878.11,0.18,0.31,8.37,4.24,NA,
55.02,1960.03,1.94,3.39,29.4,4.25,17.29,
86.49,1965.08,2.64,4.93,31.6,4.25,22.67,
3.48,1878.1,0.18,0.31,8.47,4.25,NA,
8.67,1923.05,0.52,0.81,16.9,4.26,8,
9.03,1917.02,0.58,1.49,12,4.26,10.06,
8.53,1913.09,0.48,0.65,10,4.26,11.84,
912.55,2002.08,15.87,29.14,180.7,4.26,23.59,
1224.27,2005.08,21.3,65.5,196.4,4.26,26.1,
3.52,1878.09,0.18,0.31,8.56,4.26,NA,
9.81,1912.08,0.48,0.66,9.7,4.27,13.98,
1019.44,2003.09,16.59,38.58,185.2,4.27,25.24,
1080.64,2003.12,17.39,48.74,184.3,4.27,26.63,
3.45,1878.08,0.18,0.31,8.56,4.27,NA,
8.45,1913.08,0.48,0.65,9.9,4.28,11.85,
55.73,1960.04,1.94,3.35,29.5,4.28,17.43,
1088.94,2004.08,18.97,57.23,189.5,4.28,25.17,
3.48,1878.07,0.18,0.31,8.47,4.28,NA,
9.1,1923.04,0.52,0.79,16.9,4.29,8.37,
9.31,1917.03,0.59,1.47,12,4.29,10.33,
89.38,1965.09,2.66,4.98,31.6,4.29,23.37,
1038.73,2003.1,16.86,41.97,185,4.29,25.68,
3.41,1878.06,0.19,0.31,8.37,4.29,NA,
7.3,1922.01,0.46,0.32,16.9,4.3,6.29,
9.86,1912.09,0.48,0.67,9.8,4.3,13.93,
1049.9,2003.11,17.12,45.35,184.5,4.3,25.94,
3.34,1878.05,0.19,0.3,8.56,4.3,NA,
7.46,1922.02,0.47,0.36,16.9,4.31,6.46,
7.74,1922.03,0.47,0.39,16.7,4.31,6.82,
9.43,1923.03,0.52,0.76,16.8,4.31,8.7,
8.23,1913.07,0.48,0.66,9.9,4.31,11.53,
57.96,1959.05,1.78,3.3,29,4.31,18.69,
3.33,1878.04,0.19,0.3,8.85,4.31,NA,
8.21,1922.04,0.48,0.42,16.7,4.32,7.27,
8.53,1922.05,0.48,0.46,16.7,4.32,7.59,
9.17,1917.04,0.6,1.45,12.6,4.32,9.64,
3.24,1878.03,0.19,0.3,8.94,4.32,NA,
8.45,1922.06,0.49,0.49,16.7,4.33,7.56,
8.51,1922.07,0.49,0.52,16.8,4.33,7.6,
8.12,1913.06,0.48,0.67,9.8,4.33,11.49,
3.18,1878.02,0.19,0.3,9.13,4.33,NA,
8.83,1922.08,0.49,0.56,16.6,4.34,8.02,
9.06,1922.09,0.5,0.59,16.6,4.34,8.27,
9.28,1923.02,0.51,0.74,16.8,4.34,8.53,
8.86,1917.05,0.61,1.43,12.8,4.34,9.14,
9.84,1912.1,0.48,0.68,9.8,4.34,13.91,
57.46,1959.06,1.79,3.4,29.1,4.34,18.45,
1164.43,2005.04,20.46,61.33,194.6,4.34,25.4,
3.25,1878.01,0.19,0.3,9.23,4.34,NA,
8.8,1922.11,0.51,0.66,16.8,4.35,8,
9.26,1922.1,0.5,0.62,16.7,4.35,8.43,
8.55,1913.05,0.48,0.67,9.7,4.35,12.22,
55.22,1960.05,1.95,3.3,29.5,4.35,17.26,
91.39,1965.1,2.68,5.05,31.7,4.35,23.78,
1133.36,2004.04,18.21,53.38,188,4.35,26.9,
3.25,1877.12,0.19,0.3,9.51,4.35,NA,
8.78,1922.12,0.51,0.69,16.9,4.36,7.96,
8.9,1923.01,0.51,0.71,16.8,4.36,8.15,
3.26,1877.11,0.2,0.3,9.51,4.36,NA,
7.31,1921.12,0.46,0.29,17.3,4.37,6.11,
9.04,1917.06,0.63,1.41,13,4.37,9.15,
3.31,1877.1,0.21,0.3,9.7,4.37,NA,
8.79,1913.04,0.48,0.68,9.8,4.38,12.43,
9.73,1912.11,0.48,0.69,9.8,4.38,13.75,
3.24,1877.09,0.22,0.3,9.7,4.38,NA,
3.05,1877.08,0.23,0.29,9.8,4.39,NA,
8.79,1917.07,0.64,1.38,12.8,4.4,9,
8.8,1913.03,0.48,0.68,9.8,4.4,12.44,
59.74,1959.07,1.8,3.41,29.2,4.4,19.09,
2.73,1877.06,0.25,0.29,10.09,4.4,NA,
2.85,1877.07,0.24,0.29,10.18,4.4,NA,
9.38,1912.12,0.48,0.7,9.7,4.41,13.39,
2.94,1877.05,0.25,0.29,10.66,4.41,NA,
1278.73,2006.01,22.41,70.84,198.3,4.42,26.46,
2.94,1877.04,0.26,0.29,10.47,4.42,NA,
7.06,1921.11,0.46,0.33,17.4,4.43,5.84,
8.53,1917.08,0.65,1.36,13,4.43,8.57,
8.97,1913.02,0.48,0.69,9.8,4.43,12.68,
59.4,1959.08,1.8,3.42,29.2,4.43,18.96,
3.17,1877.03,0.27,0.29,10.18,4.43,NA,
3.34,1877.02,0.28,0.28,10.66,4.44,NA,
9.3,1913.01,0.48,0.69,9.8,4.45,13.15,
92.15,1965.11,2.7,5.12,31.7,4.45,23.93,
989.53,2003.08,16.45,37.24,184.6,4.45,24.64,
3.55,1877.01,0.29,0.28,10.94,4.45,NA,
8.12,1917.09,0.66,1.34,13.3,4.46,7.95,
1191.96,2005.1,21.73,67.69,199.2,4.46,24.87,
3.58,1876.12,0.3,0.28,10.75,4.46,NA,
1262.07,2005.12,22.22,69.93,196.8,4.47,26.43,
3.6,1876.11,0.3,0.29,10.56,4.47,NA,
7.68,1917.1,0.67,1.32,13.5,4.49,7.39,
55.78,1960.02,1.9,3.39,29.4,4.49,17.55,
3.67,1876.1,0.3,0.29,10.47,4.49,NA,
6.7,1921.1,0.47,0.38,17.5,4.5,5.48,
7.85,1919.01,0.57,0.99,16.5,4.5,6.1,
1105.85,2004.07,18.79,56.69,189.4,4.5,25.69,
1194.9,2005.03,20.23,60.32,193.3,4.5,26.33,
3.69,1876.09,0.3,0.3,10.28,4.5,NA,
7.9,1918.12,0.57,0.99,16.5,4.51,6.13,
8.06,1918.11,0.58,1.01,16.3,4.51,6.33,
7.04,1917.11,0.68,1.3,13.5,4.51,6.75,
3.93,1876.08,0.3,0.31,10.18,4.51,NA,
7.54,1918.09,0.6,1.06,15.7,4.52,6.15,
7.86,1918.1,0.59,1.04,16,4.52,6.29,
1497.12,2007.09,26.97,78.6,208.49,4.52,26.72,
4.1,1876.07,0.3,0.31,10.09,4.52,NA,
7.58,1918.08,0.61,1.09,15.4,4.53,6.3,
57,1959.1,1.82,3.42,29.4,4.53,18.02,
57.23,1959.11,1.82,3.4,29.4,4.53,18.07,
1539.66,2007.1,27.22,74.46,208.936,4.53,27.31,
1032.47,1998.1,16.17,37.96,164,4.53,33.77,
4.15,1876.06,0.3,0.32,10.09,4.53,NA,
7.88,1919.02,0.56,0.98,16.2,4.54,6.24,
7.51,1918.07,0.62,1.11,15.1,4.54,6.37,
6.8,1917.12,0.69,1.28,13.7,4.54,6.41,
7.45,1918.06,0.63,1.14,14.7,4.54,6.5,
89.42,1967.03,2.9,5.45,33,4.54,21.44,
1237.37,2005.11,21.97,68.81,197.6,4.54,25.92,
4.18,1876.05,0.3,0.33,10.37,4.54,NA,
7.21,1918.04,0.65,1.18,14.2,4.55,6.52,
7.44,1918.05,0.64,1.16,14.5,4.55,6.58,
6.61,1921.09,0.47,0.42,17.5,4.56,5.38,
7.28,1918.03,0.66,1.21,14,4.56,6.69,
7.43,1918.02,0.67,1.23,14.1,4.56,6.78,
1406.95,2007.03,25.49,83.15,205.352,4.56,26.22,
1416.42,2006.12,24.88,81.51,201.8,4.56,27.27,
4.34,1876.04,0.3,0.33,10.75,4.56,NA,
7.21,1918.01,0.68,1.26,14,4.57,6.64,
1276.65,2006.02,22.6,71.76,198.7,4.57,26.24,
1076.59,2001.1,15.74,27.1,177.7,4.57,28.58,
4.51,1876.03,0.3,0.34,10.85,4.57,NA,
8.12,1919.03,0.56,0.98,16.4,4.58,6.36,
84.45,1967.01,2.88,5.52,32.9,4.58,20.43,
4.52,1876.02,0.3,0.35,10.85,4.58,NA,
90.96,1967.04,2.9,5.41,33.1,4.59,21.69,
4.46,1876.01,0.3,0.35,10.85,4.59,NA,
1388.64,2006.11,24.62,80.53,201.5,4.6,26.92,
93.32,1966.01,2.74,5.24,31.8,4.61,24.06,
8.39,1919.04,0.56,0.97,16.7,4.62,6.46,
91.73,1965.12,2.72,5.19,31.8,4.62,23.69,
6.45,1921.08,0.48,0.46,17.7,4.63,5.16,
87.36,1967.02,2.89,5.48,32.9,4.63,21.07,
4.37,1875.12,0.3,0.36,10.94,4.63,NA,
903.59,2002.07,15.95,27.94,180.1,4.65,23.46,
1129.68,2001.11,15.74,25.9,177.4,4.65,30.01,
1190.05,1998.12,16.2,37.71,163.9,4.65,38.82,
8.97,1919.05,0.55,0.97,16.9,4.66,6.83,
1454.62,2007.08,26.7,80.71,207.917,4.67,26.14,
4.37,1875.11,0.3,0.37,11.04,4.67,NA,
57.05,1959.09,1.81,3.43,29.3,4.68,18.12,
59.06,1959.12,1.83,3.39,29.4,4.69,18.62,
1463.64,2007.04,25.72,83.74,206.686,4.69,26.97,
6.53,1921.07,0.48,0.5,17.7,4.7,5.2,
9.21,1919.06,0.55,0.96,16.9,4.7,7.02,
4.3,1875.1,0.31,0.38,11.13,4.71,NA,
58.03,1960.01,1.87,3.39,29.3,4.72,18.34,
1317.74,2006.09,24.1,78.57,202.9,4.72,25.63,
1102.78,2004.05,18.41,54.77,189.1,4.72,25.9,
1293.74,2006.03,22.79,72.67,199.8,4.72,26.32,
1444.8,2007.02,25.29,82.6,203.499,4.72,27.31,
1248.77,1999.01,16.28,37.93,164.3,4.72,40.58,
1132.76,2004.06,18.6,56.15,189.7,4.73,26.4,
1363.38,2006.1,24.36,79.55,201.8,4.73,26.53,
1044.64,2001.09,15.74,28.31,178.3,4.73,27.67,
9.51,1919.07,0.55,0.96,17.4,4.74,7.05,
91.6,1966.04,2.8,5.38,32.3,4.75,23.11,
1511.14,2007.05,25.94,84.33,207.949,4.75,27.54,
4.37,1875.09,0.31,0.39,11.13,4.75,NA,
6.55,1921.06,0.49,0.55,17.6,4.76,5.22,
1424.16,2007.01,25.08,82.06,202.416,4.76,27.2,
8.87,1919.08,0.54,0.95,17.7,4.77,6.48,
86.78,1966.05,2.81,5.42,32.3,4.78,21.85,
4.41,1875.08,0.31,0.39,11.23,4.79,NA,
9.01,1919.09,0.54,0.95,17.8,4.81,6.56,
86.06,1966.06,2.83,5.46,32.4,4.81,21.56,
1020.64,1998.09,16.15,38.09,163.6,4.81,33.53,
7.12,1921.05,0.49,0.59,17.7,4.83,5.61,
92.69,1966.02,2.76,5.29,32,4.83,23.7,
1144.43,1998.11,16.18,37.84,164,4.83,37.37,
4.39,1875.07,0.31,0.4,11.13,4.83,NA,
81.33,1966.12,2.87,5.55,32.9,4.84,19.74,
9.47,1919.1,0.54,0.94,18.1,4.85,6.79,
92.59,1967.05,2.9,5.37,33.2,4.85,21.95,
88.88,1966.03,2.78,5.34,32.1,4.87,22.61,
4.38,1875.06,0.32,0.41,11.13,4.87,NA,
1287.15,2006.08,23.88,77.21,203.9,4.88,25.04,
6.91,1921.04,0.49,0.63,18.1,4.89,5.3,
9.19,1919.11,0.53,0.94,18.5,4.89,6.47,
1185.85,2001.03,15.97,45.44,176.2,4.89,32.33,
1100.67,2002.02,15.73,24.7,177.8,4.91,29.09,
4.47,1875.05,0.32,0.42,11.32,4.91,NA,
8.92,1919.12,0.53,0.93,18.9,4.93,6.16,
1014.02,2002.06,16.03,26.74,179.9,4.93,26.39,
4.65,1875.04,0.32,0.43,11.61,4.95,NA,
6.88,1921.03,0.5,0.67,18.3,4.96,5.19,
8.83,1920.01,0.53,0.92,19.3,4.97,5.99,
1178.5,2001.08,15.72,31.14,177.5,4.97,31.4,
8.1,1920.02,0.53,0.91,19.5,4.98,5.46,
8.67,1920.03,0.53,0.9,19.7,4.99,5.8,
1302.17,2006.04,23.01,73.28,201.5,4.99,26.14,
4.59,1875.03,0.32,0.44,11.51,4.99,NA,
8.6,1920.04,0.52,0.89,20.3,5,5.6,
1520.71,2007.07,26.44,82.81,208.299,5,27.4,
1246.58,1999.02,16.37,38.16,164.5,5,40.4,
8.06,1920.05,0.52,0.88,20.6,5.01,5.19,
77.13,1966.1,2.88,5.52,32.9,5.01,18.83,
7.92,1920.06,0.52,0.87,20.9,5.02,5.04,
7.06,1921.02,0.5,0.72,18.4,5.02,5.27,
85.84,1966.07,2.85,5.48,32.5,5.02,21.38,
91.43,1967.06,2.9,5.33,33.3,5.02,21.55,
7.91,1920.07,0.52,0.85,20.8,5.03,5.08,
4.53,1875.02,0.33,0.44,11.51,5.03,NA,
7.6,1920.08,0.52,0.84,20.3,5.04,5.02,
1140.21,2002.01,15.74,24.69,177.1,5.04,30.28,
7.87,1920.09,0.52,0.83,20,5.05,5.3,
7.88,1920.1,0.51,0.82,19.9,5.06,5.35,
7.48,1920.11,0.51,0.81,19.8,5.07,5.13,
4.54,1875.01,0.33,0.45,11.51,5.07,NA,
6.81,1920.12,0.51,0.8,19.4,5.08,4.78,
7.11,1921.01,0.51,0.76,19,5.09,5.12,
1260.24,2006.07,23.66,75.85,203.5,5.09,24.69,
1144.93,2001.12,15.74,24.69,176.7,5.09,30.5,
1514.19,2007.06,26.17,84.92,208.352,5.1,27.41,
1305.75,2001.02,16.07,46.96,175.8,5.1,35.84,
4.54,1874.12,0.33,0.46,11.51,5.1,NA,
1253.17,2006.06,23.44,74.49,202.9,5.11,24.74,
1290.01,2006.05,23.22,73.88,202.5,5.11,25.64,
1189.84,2001.04,15.88,42.56,176.9,5.14,32.17,
4.57,1874.11,0.33,0.46,11.51,5.14,NA,
80.99,1966.11,2.88,5.54,32.9,5.16,19.71,
93.01,1967.07,2.91,5.32,33.4,5.16,21.8,
1079.25,2002.05,15.93,26.06,179.8,5.16,28.13,
1335.63,2001.01,16.17,48.48,175.1,5.16,36.98,
4.53,1874.1,0.33,0.46,11.61,5.17,NA,
77.81,1966.09,2.89,5.51,32.7,5.18,19.16,
1334.76,1999.04,16.37,39.26,166.2,5.18,42.71,
4.54,1874.09,0.33,0.46,11.8,5.2,NA,
1111.93,2002.04,15.83,25.38,179.8,5.21,29.01,
80.65,1966.08,2.87,5.49,32.7,5.22,19.91,
1281.66,1999.03,16.45,38.38,165,5.23,41.36,
1204.45,2001.07,15.71,33.96,177.5,5.24,32.16,
1330.93,2000.12,16.27,50,174,5.24,37.28,
4.47,1874.08,0.33,0.46,11.8,5.24,NA,
4.46,1874.07,0.33,0.46,11.89,5.27,NA,
94.49,1967.08,2.91,5.31,33.5,5.28,22.03,
1153.79,2002.03,15.73,24.7,178.8,5.28,30.29,
1238.71,2001.06,15.69,36.79,178,5.28,33.07,
95.81,1967.09,2.92,5.3,33.6,5.3,22.22,
4.46,1874.06,0.33,0.46,11.8,5.3,NA,
4.44,1871.01,0.26,0.4,12.46,5.32,NA,
4.5,1871.02,0.26,0.4,12.84,5.32,NA,
463.9,1993.1,12.54,20.9,145.7,5.33,21.11,
4.61,1871.03,0.26,0.4,13.03,5.33,NA,
4.74,1871.04,0.26,0.4,12.56,5.33,NA,
4.86,1871.05,0.26,0.4,12.27,5.33,NA,
1074.62,1998.08,16.08,38.38,163.4,5.34,35.42,
4.82,1871.06,0.26,0.4,12.08,5.34,NA,
4.73,1871.07,0.26,0.4,12.08,5.34,NA,
4.79,1871.08,0.26,0.4,11.89,5.34,NA,
4.48,1874.05,0.33,0.46,12.08,5.34,NA,
4.84,1871.09,0.26,0.4,12.18,5.35,NA,
4.59,1871.1,0.26,0.4,12.37,5.35,NA,
4.64,1871.11,0.26,0.4,12.37,5.35,NA,
459.24,1993.09,12.52,20.41,145.1,5.36,20.99,
4.74,1871.12,0.26,0.4,12.65,5.36,NA,
4.86,1872.01,0.26,0.4,12.65,5.36,NA,
4.6,1874.04,0.33,0.46,12.18,5.37,NA,
4.88,1872.02,0.27,0.41,12.65,5.38,NA,
1270.37,2001.05,15.78,39.67,177.7,5.39,34.08,
5.04,1872.03,0.27,0.41,12.84,5.4,NA,
4.73,1874.03,0.33,0.46,12.37,5.4,NA,
98.11,1968.08,3.02,5.63,35,5.42,21.14,
5.18,1872.04,0.27,0.41,13.13,5.42,NA,
5.18,1872.05,0.28,0.41,13.13,5.43,NA,
4.8,1874.02,0.33,0.46,12.37,5.44,NA,
5.13,1872.06,0.28,0.42,13.03,5.45,NA,
101.3,1968.09,3.03,5.66,35.1,5.46,21.68,
1156.58,1998.07,16.02,38.68,163.2,5.46,38.26,
5.1,1872.07,0.28,0.42,12.84,5.47,NA,
4.66,1874.01,0.33,0.46,12.37,5.47,NA,
95.66,1967.1,2.92,5.31,33.7,5.48,22.07,
4.42,1873.12,0.33,0.46,12.18,5.48,NA,
5.04,1872.08,0.29,0.42,12.94,5.49,NA,
4.04,1873.11,0.33,0.46,11.89,5.49,NA,
100.3,1968.07,3,5.6,34.9,5.5,21.75,
1108.39,1998.06,15.95,38.97,163,5.5,36.8,
4.19,1873.1,0.33,0.46,12.27,5.5,NA,
4.95,1872.09,0.29,0.42,13.03,5.51,NA,
4.59,1873.09,0.32,0.45,12.56,5.51,NA,
4.97,1873.08,0.32,0.45,12.56,5.52,NA,
95.04,1968.01,2.93,5.37,34.1,5.53,21.51,
4.97,1872.1,0.29,0.43,12.75,5.53,NA,
4.98,1873.06,0.32,0.45,12.56,5.53,NA,
4.97,1873.07,0.32,0.45,12.56,5.53,NA,
963.36,1998.01,15.55,39.66,161.6,5.54,32.86,
1332.07,1999.05,16.29,40.14,166.2,5.54,42.56,
4.95,1872.11,0.3,0.43,13.13,5.54,NA,
5.05,1873.05,0.31,0.44,12.94,5.54,NA,
5.04,1873.04,0.31,0.44,13.23,5.55,NA,
90.75,1968.02,2.94,5.4,34.2,5.56,20.42,
5.07,1872.12,0.3,0.43,12.94,5.56,NA,
5.11,1873.03,0.31,0.44,13.23,5.56,NA,
1023.74,1998.02,15.6,39.6,161.9,5.57,34.71,
5.15,1873.02,0.31,0.44,13.23,5.57,NA,
103.8,1968.1,3.04,5.69,35.3,5.58,22,
5.11,1873.01,0.3,0.43,12.94,5.58,NA,
95.67,1968.04,2.96,5.48,34.4,5.64,21.28,
1112.2,1998.04,15.75,39.35,162.5,5.64,37.28,
614.42,1996.01,13.89,33.99,154.4,5.65,24.76,
1076.83,1998.03,15.65,39.54,162.2,5.65,36.3,
1108.42,1998.05,15.85,39.16,162.8,5.65,36.96,
454.13,1993.08,12.52,20.05,144.8,5.68,20.81,
99.6,1971.03,3.11,5.22,40,5.7,17.4,
95.3,1967.12,2.92,5.33,33.9,5.7,21.75,
105.4,1968.11,3.06,5.73,35.4,5.7,22.2,
614.57,1995.12,13.79,33.96,153.5,5.71,25.03,
462.89,1993.11,12.56,21.39,145.8,5.72,21.04,
100.5,1968.06,2.99,5.57,34.7,5.72,22,
1378.04,2000.11,16.29,51.23,174.1,5.72,38.78,
89.09,1968.03,2.95,5.44,34.3,5.74,19.93,
1390.14,2000.1,16.32,52.47,174,5.74,39.37,
92.66,1967.11,2.92,5.32,33.8,5.75,21.26,
472.99,1994.01,12.62,22.16,146.2,5.75,21.41,
465.95,1993.12,12.58,21.88,145.8,5.77,21.17,
1380.99,1999.07,16.29,42,166.7,5.79,43.83,
1468.05,2000.09,16.34,53.7,173.7,5.8,41.9,
92.78,1971.11,3.08,5.61,40.9,5.81,15.64,
447.29,1993.07,12.52,19.69,144.4,5.81,20.57,
649.54,1996.02,14,34.01,154.9,5.81,25.98,
962.37,1997.12,15.5,39.72,161.3,5.81,33.03,
103,1971.04,3.11,5.25,40.1,5.83,17.92,
1485.46,2000.08,16.46,53.11,172.8,5.83,42.87,
97.87,1968.05,2.98,5.53,34.5,5.87,21.63,
938.92,1997.11,15.44,40.03,161.5,5.88,32.34,
1322.55,1999.06,16.21,41.02,166.2,5.9,42.18,
1318.17,1999.09,16.46,43.96,167.9,5.92,41.32,
97.29,1971.1,3.08,5.52,40.9,5.93,16.43,
99.17,1971.12,3.07,5.7,41.1,5.93,16.6,
595.53,1995.11,13.72,34.37,153.6,5.93,24.35,
1327.49,1999.08,16.38,42.98,167.1,5.94,41.93,
103.3,1972.01,3.07,5.74,41.1,5.95,17.26,
448.06,1993.06,12.52,19.33,144.4,5.96,20.61,
443.08,1993.04,12.49,19.67,144,5.97,20.46,
471.58,1994.02,12.67,22.43,146.7,5.97,21.26,
450.16,1993.03,12.48,19.84,143.6,5.98,20.86,
1461.36,2000.04,16.74,51.27,171.3,5.99,43.53,
106.5,1968.12,3.07,5.76,35.5,6.03,22.28,
951.16,1997.1,15.39,40.33,161.6,6.03,32.9,
1391,1999.11,16.47,46.77,168.3,6.03,43.21,
445.25,1993.05,12.51,19.5,144.2,6.04,20.52,
102,1969.01,3.08,5.78,35.6,6.04,21.19,
582.92,1995.1,13.65,34.77,153.7,6.04,23.93,
1473,2000.07,16.58,52.51,172.8,6.05,42.76,
107.7,1972.03,3.07,5.81,41.4,6.07,17.81,
105.2,1972.02,3.07,5.77,41.3,6.08,17.46,
1461.96,2000.06,16.7,51.92,172.4,6.1,42.78,
97.11,1971.02,3.12,5.19,39.9,6.11,17.03,
107.2,1972.07,3.07,6.03,41.9,6.11,17.4,
108,1972.06,3.07,5.97,41.7,6.11,17.64,
1300.01,1999.1,16.47,45.36,168.2,6.11,40.55,
107.7,1972.05,3.07,5.92,41.6,6.13,17.66,
99.4,1971.09,3.09,5.43,40.8,6.14,16.86,
101.3,1969.04,3.11,5.83,36.3,6.17,20.43,
539.35,1995.06,13.37,34.43,152.5,6.17,22.72,
108.8,1972.04,3.07,5.86,41.5,6.19,17.92,
101.5,1969.02,3.09,5.8,35.8,6.19,20.9,
578.77,1995.09,13.58,35.18,153.2,6.2,23.95,
735.67,1996.11,14.82,37.82,158.6,6.2,27.59,
111,1972.08,3.08,6.08,42,6.21,17.94,
937.02,1997.09,15.33,40.64,161.2,6.21,32.67,
925.29,1997.07,15.22,40.58,160.5,6.22,32.77,
93.49,1971.01,3.13,5.16,39.8,6.24,16.46,
441.7,1993.02,12.45,19.59,143.1,6.26,20.55,
1442.21,2000.03,16.76,50.94,171.2,6.26,43.22,
647.07,1996.03,14.1,34.04,155.7,6.27,25.63,
115.1,1972.11,3.13,6.33,42.4,6.28,18.34,
557.37,1995.07,13.44,34.68,152.5,6.28,23.38,
1428.68,1999.12,16.48,48.17,168.3,6.28,44.2,
99.3,1969.03,3.1,5.82,36.1,6.3,20.2,
743.25,1996.12,14.9,38.73,158.6,6.3,27.72,
927.24,1997.08,15.27,40.61,160.8,6.3,32.59,
104.6,1969.05,3.12,5.83,36.4,6.32,20.97,
117.5,1972.12,3.15,6.42,42.5,6.36,18.65,
90.05,1970.12,3.14,5.13,39.8,6.39,15.87,
101.6,1971.05,3.1,5.29,40.3,6.39,17.56,
418.48,1992.09,12.39,18.04,141.3,6.42,19.71,
798.39,1997.02,15.01,39.74,159.6,6.42,29.27,
1418.48,2000.05,16.72,51.59,171.5,6.44,41.97,
118.4,1973.01,3.16,6.55,42.6,6.46,18.71,
109.6,1972.1,3.1,6.23,42.3,6.48,17.53,
463.81,1994.03,12.71,22.71,147.2,6.48,20.83,
559.11,1995.08,13.51,34.93,152.9,6.49,23.28,
876.29,1997.06,15.16,40.55,160.3,6.49,31.26,
647.17,1996.04,14.16,34.33,156.3,6.51,25.43,
99.72,1971.06,3.1,5.32,40.6,6.52,17.08,
1388.87,2000.02,16.67,50.02,169.8,6.52,42.19,
701.46,1996.1,14.74,36.91,158.3,6.53,26.48,
109.4,1972.09,3.08,6.14,42.1,6.55,17.61,
99.14,1969.06,3.13,5.84,36.6,6.57,19.71,
97.24,1971.08,3.09,5.39,40.8,6.58,16.52,
766.22,1997.01,14.95,39.23,159.1,6.58,28.33,
412.5,1992.1,12.39,18.39,141.8,6.59,19.37,
417.93,1992.08,12.37,17.71,140.9,6.59,19.72,
435.23,1993.01,12.41,19.34,142.6,6.6,20.32,
523.81,1995.05,13.31,33.8,152.2,6.63,22.2,
114.2,1973.02,3.16,6.67,42.9,6.64,17.89,
662.68,1996.08,14.53,35.64,157.3,6.64,25.41,
1425.59,2000.01,16.57,49.09,168.8,6.66,43.77,
110.3,1973.04,3.19,6.94,43.6,6.67,16.94,
94.18,1969.08,3.14,5.87,37,6.69,18.43,
792.16,1997.03,15.06,40.24,160,6.69,28.8,
112.4,1973.03,3.17,6.8,43.3,6.71,17.41,
833.09,1997.05,15.13,40.45,160.1,6.71,29.93,
94.71,1969.07,3.14,5.86,36.8,6.72,18.68,
102,1973.11,3.34,8,45.9,6.73,14.65,
99,1971.07,3.1,5.36,40.7,6.73,16.89,
94.78,1973.12,3.38,8.16,46.2,6.74,13.49,
661.23,1996.05,14.21,34.62,156.6,6.74,25.81,
435.64,1992.12,12.38,19.09,141.9,6.77,20.45,
109.8,1973.1,3.31,7.85,45.6,6.79,15.91,
674.88,1996.09,14.66,36,157.8,6.83,25.68,
84.28,1970.11,3.16,5.21,39.6,6.84,14.95,
415.05,1992.07,12.34,17.38,140.5,6.84,19.62,
107.2,1973.05,3.2,7.09,43.9,6.85,16.31,
104.7,1976.12,4.05,9.91,58.2,6.87,11.6,
422.84,1992.11,12.38,18.74,142,6.87,19.83,
644.07,1996.07,14.4,35.27,157,6.87,24.86,
763.93,1997.04,15.09,40.34,160.2,6.89,27.59,
104.8,1973.06,3.22,7.23,44.2,6.9,15.81,
668.5,1996.06,14.27,34.91,156.7,6.91,25.97,
93.45,1974.02,3.42,8.29,47.2,6.96,12.96,
447.23,1994.04,12.75,23.54,147.4,6.97,20.06,
96.11,1974.01,3.4,8.23,46.6,6.99,13.53,
416.08,1992.01,12.24,16.05,138.1,7.03,19.77,
507.91,1995.04,13.24,33.18,151.9,7.06,21.64,
88.65,1970.03,3.17,5.63,38.2,7.07,16.53,
264.5,1987.01,8.3,14.69,111.2,7.08,14.92,
105.6,1973.09,3.27,7.69,45.2,7.09,15.48,
388.51,1991.12,12.2,15.97,137.9,7.09,18.44,
95.52,1969.1,3.15,5.85,37.3,7.1,18.45,
454.83,1994.06,12.84,25.2,148,7.1,20.29,
248.6,1986.12,8.28,14.48,110.5,7.11,14.09,
105.8,1973.07,3.24,7.38,44.3,7.13,15.89,
96.21,1969.11,3.16,5.82,37.5,7.14,18.44,
94.51,1969.09,3.15,5.89,37.1,7.16,18.4,
245,1986.08,8.19,14.8,109.7,7.17,13.89,
450.9,1994.05,12.8,24.37,147.5,7.18,20.2,
493.15,1995.03,13.18,32.55,151.4,7.2,21.15,
103.8,1977.01,4.1,9.97,58.5,7.21,11.44,
97.44,1974.03,3.44,8.36,47.8,7.21,13.31,
87.16,1970.02,3.17,5.68,38,7.24,16.37,
464.24,1994.08,12.9,26.62,149,7.24,20.54,
245.1,1986.11,8.26,14.6,110.4,7.25,13.87,
280.9,1987.02,8.32,14.89,111.6,7.25,15.82,
292.5,1987.03,8.34,15.1,112.1,7.25,16.43,
408.27,1992.06,12.32,17.05,140.2,7.26,19.32,
99.29,1977.06,4.36,10.42,60.7,7.28,10.53,
101.2,1976.11,3.98,9.79,58,7.29,11.25,
238,1986.04,8.05,14.58,108.6,7.3,13.55,
240.2,1986.07,8.14,14.76,109.5,7.3,13.62,
451.4,1994.07,12.87,25.91,148.4,7.3,20.07,
100.2,1977.07,4.41,10.52,61,7.33,10.57,
84.37,1970.1,3.17,5.28,39.4,7.33,15.06,
96.23,1977.09,4.5,10.71,61.4,7.34,10.07,
412.56,1992.02,12.28,16.12,138.6,7.34,19.58,
99.05,1977.04,4.25,10.19,60,7.37,10.64,
80.1,1975.02,3.65,8.6,52.5,7.39,9.76,
101,1977.02,4.14,10.02,59.1,7.39,11.01,
82.58,1970.09,3.19,5.36,39.2,7.39,14.84,
85.95,1970.04,3.17,5.59,38.5,7.39,15.87,
414.81,1992.05,12.32,16.77,139.7,7.39,19.66,
97.75,1977.08,4.45,10.61,61.2,7.4,10.27,
103.8,1973.08,3.25,7.54,45.1,7.4,15.28,
101.9,1976.1,3.92,9.67,57.9,7.41,11.35,
385.92,1991.11,12.23,16.59,137.8,7.42,18.29,
67.07,1974.12,3.6,8.89,51.9,7.43,8.29,
237.4,1986.1,8.25,14.73,110.3,7.43,13.43,
238.3,1986.09,8.23,14.85,110.2,7.45,13.47,
98.76,1977.05,4.3,10.31,60.3,7.46,10.55,
100.6,1977.03,4.19,10.08,59.5,7.46,10.9,
75.72,1970.07,3.18,5.47,39,7.46,13.73,
466.96,1994.09,12.93,27.33,149.4,7.46,20.58,
481.92,1995.02,13.18,31.9,150.9,7.47,20.8,
407.41,1992.04,12.32,16.48,139.5,7.48,19.3,
72.56,1975.01,3.62,8.74,52.1,7.5,8.92,
92.46,1974.04,3.46,8.49,48,7.51,12.55,
93.74,1977.1,4.56,10.77,61.6,7.52,9.77,
77.92,1970.08,3.19,5.41,39,7.53,14.1,
386.88,1991.1,12.25,17.2,137.4,7.53,18.35,
89.79,1974.06,3.5,8.74,49,7.54,11.89,
407.36,1992.03,12.32,16.2,139.3,7.54,19.28,
101.9,1976.04,3.71,8.86,56.1,7.56,11.69,
94.28,1977.11,4.61,10.83,61.9,7.58,9.77,
89.67,1974.05,3.48,8.61,48.6,7.58,12,
105.5,1976.09,3.85,9.55,57.6,7.59,11.81,
91.11,1969.12,3.16,5.78,37.7,7.65,17.33,
387.2,1991.09,12.28,17.82,137.2,7.65,18.36,
71.74,1974.11,3.6,8.96,51.5,7.68,8.95,
93.82,1977.12,4.67,10.89,62.1,7.69,9.68,
238.5,1986.05,8.07,14.65,108.9,7.71,13.56,
83.78,1975.03,3.67,8.45,52.7,7.73,10.16,
101.1,1976.03,3.69,8.66,55.9,7.73,11.63,
96.86,1976.01,3.68,8.19,55.6,7.74,11.19,
463.81,1994.1,13.01,28.42,149.5,7.74,20.4,
103.3,1976.08,3.82,9.45,57.4,7.77,11.6,
232.3,1986.03,8.02,14.52,108.8,7.78,13.19,
465.25,1995.01,13.18,31.25,150.3,7.78,20.22,
100.6,1976.02,3.69,8.43,55.8,7.79,11.59,
90.31,1970.01,3.16,5.73,37.8,7.79,17.09,
245.3,1986.06,8.1,14.71,109.5,7.8,13.89,
79.31,1974.07,3.53,8.86,49.4,7.81,10.39,
455.19,1994.12,13.18,30.6,149.7,7.81,19.91,
104.2,1976.07,3.79,9.35,57.1,7.83,11.76,
75.59,1970.06,3.18,5.52,38.8,7.84,13.8,
348.6,1989.12,11.05,22.9,126.1,7.84,17.65,
362.26,1991.02,12.11,21.03,134.8,7.85,17.35,
92.4,1975.06,3.71,7.96,53.6,7.86,11.01,
101.8,1976.06,3.76,9.25,56.8,7.86,11.54,
340.2,1989.11,10.92,23.16,125.9,7.87,17.24,
69.44,1974.1,3.59,9.04,51.1,7.9,8.74,
101.2,1976.05,3.74,9.05,56.5,7.9,11.53,
389.4,1991.08,12.24,18.33,136.6,7.9,18.51,
76.06,1970.05,3.18,5.56,38.6,7.91,13.98,
90.25,1978.01,4.71,10.9,62.5,7.96,9.24,
461.01,1994.11,13.1,29.51,149.7,7.96,20.21,
88.7,1975.12,3.68,7.96,55.5,8,10.25,
347.4,1989.1,10.8,23.43,125.6,8.01,17.64,
289.3,1987.04,8.4,14.87,112.7,8.02,16.2,
331.9,1989.07,10.42,24.71,124.4,8.02,17.01,
88.98,1978.02,4.76,10.91,62.9,8.03,9.05,
68.12,1974.09,3.59,9.11,50.6,8.04,8.68,
88.82,1978.03,4.8,10.92,63.4,8.04,8.95,
76.03,1974.08,3.56,8.99,50,8.04,9.82,
379.68,1991.04,12.13,20.36,135.2,8.04,18.16,
90.07,1975.11,3.69,7.89,55.3,8.05,10.44,
90.1,1975.05,3.7,8.12,53.2,8.06,10.82,
92.49,1975.07,3.71,7.89,54.2,8.06,10.9,
377.99,1991.05,12.14,19.86,135.6,8.07,18.04,
328.75,1990.12,12.1,21.34,133.8,8.08,15.85,
325.49,1991.01,12.11,21.18,134.6,8.09,15.61,
346.6,1989.08,10.55,24.2,124.6,8.11,17.73,
372.28,1991.03,12.12,20.87,135,8.11,17.82,
88.57,1975.1,3.7,7.83,54.9,8.14,10.33,
92.71,1978.04,4.84,11.02,63.9,8.15,9.26,
347.3,1989.09,10.67,23.69,125,8.19,17.71,
258.1,1988.02,8.9,18.23,116,8.21,14.3,
339.97,1990.01,11.14,22.49,127.4,8.21,17.05,14.44
84.72,1975.04,3.68,8.29,52.9,8.23,10.23,
380.23,1991.07,12.19,18.84,136.2,8.27,18.1,
323.7,1989.06,10.3,25.22,124.1,8.28,16.64,
378.29,1991.06,12.15,19.35,136,8.28,18.02,
97.41,1978.05,4.87,11.13,64.5,8.35,9.63,
265.7,1988.03,8.95,18.59,116.5,8.37,14.67,
315.29,1990.11,12.01,21.47,133.8,8.39,15.19,
85.71,1975.08,3.71,7.83,54.3,8.4,10.09,
301.4,1987.06,8.52,14.42,113.5,8.4,16.83,
103.9,1978.08,4.98,11.46,66,8.41,10.02,
103.9,1978.09,5.02,11.57,66.5,8.42,9.94,
84.67,1975.09,3.71,7.76,54.6,8.43,9.92,
310.1,1987.07,8.57,14.9,113.8,8.45,17.31,
97.66,1978.06,4.91,11.23,65.2,8.46,9.55,
330.45,1990.02,11.23,22.08,128,8.47,16.51,
360.03,1990.07,11.73,21.42,130.4,8.47,17.75,
360.39,1990.06,11.67,21.26,129.9,8.48,17.82,
338.46,1990.03,11.32,21.67,128.7,8.59,16.83,
289.1,1987.05,8.46,14.65,113.1,8.61,16.16,
97.19,1978.07,4.95,11.34,65.7,8.64,9.43,
100.6,1978.1,5.04,11.82,67.1,8.64,9.53,
250.5,1988.01,8.86,17.86,115.7,8.67,13.9,
219.4,1986.02,7.98,14.55,109.3,8.7,12.39,
262.6,1988.04,9.04,19.62,117.1,8.72,14.43,
307.12,1990.1,11.93,21.61,133.5,8.72,14.82,
330.75,1990.08,11.78,21.58,131.6,8.75,16.17,
350.25,1990.05,11.55,21.4,129.2,8.76,17.39,
329.4,1987.08,8.61,15.38,114.4,8.76,18.33,
338.18,1990.04,11.44,21.53,128.9,8.79,16.81,
277.4,1988.1,9.55,23.07,120.2,8.8,14.81,
94.71,1978.11,5.05,12.08,67.4,8.81,8.93,
245,1987.11,8.76,16.95,115.4,8.86,13.59,
313.9,1989.05,10.19,25.13,123.8,8.86,16.19,
315.41,1990.09,11.84,21.74,132.7,8.89,15.3,
101.7,1979.06,5.34,13.98,72.3,8.91,8.85,
270.7,1988.06,9.23,21.67,118,8.92,14.77,
102.7,1979.07,5.4,14.2,73.1,8.95,8.83,
271,1988.11,9.64,23.42,120.3,8.96,14.45,
268,1988.09,9.46,22.73,119.8,8.98,14.37,
241,1987.12,8.81,17.5,115.4,8.99,13.39,
96.11,1978.12,5.07,12.33,67.7,9.01,9.01,
107.4,1979.08,5.45,14.41,73.8,9.03,9.13,
269.1,1988.07,9.31,22.02,118.5,9.06,14.61,
256.1,1988.05,9.14,20.64,117.5,9.09,14.03,
285.4,1989.01,9.81,24.16,121.1,9.09,15.09,
98.23,1979.02,5.16,12.98,69.1,9.1,9,
99.71,1979.01,5.11,12.65,68.3,9.1,9.26,
276.5,1988.12,9.73,23.76,120.5,9.11,14.7,
100.1,1979.03,5.2,13.3,69.8,9.12,9.07,
294,1989.02,9.9,24.56,121.6,9.17,15.47,
102.1,1979.04,5.25,13.53,70.6,9.18,9.13,
302.3,1989.04,10.09,25.05,123.1,9.18,15.69,
208.2,1986.01,7.94,14.58,109.6,9.19,11.72,
99.73,1979.05,5.29,13.75,71.5,9.25,8.79,
207.3,1985.12,7.9,14.61,109.3,9.26,11.69,
263.7,1988.08,9.38,22.38,119,9.26,14.24,
108.6,1979.09,5.51,14.63,74.6,9.33,9.11,
292.7,1989.03,9.98,24.96,122.3,9.36,15.3,
318.7,1987.09,8.66,15.86,115,9.42,17.68,
280.2,1987.1,8.71,16.41,115.3,9.52,15.53,
114.6,1980.06,5.94,14.94,82.7,9.78,8.51,
197.5,1985.11,7.88,14.82,109,9.78,11.16,
188.9,1985.06,7.74,15.61,107.6,10.16,10.81,
107.7,1980.05,5.89,15.06,81.8,10.18,8.1,
186.2,1985.1,7.86,15.02,108.7,10.24,10.55,
119.8,1980.07,5.98,14.84,82.7,10.25,8.88,
104.5,1979.1,5.56,14.71,75.2,10.3,8.68,
192.5,1985.07,7.77,15.48,107.8,10.31,11,
188.3,1985.08,7.81,15.36,108,10.33,10.74,
184.1,1985.09,7.84,15.23,108.3,10.37,10.47,
164.1,1983.05,6.93,12.53,99.2,10.38,9.87,
107.8,1979.12,5.65,14.86,76.7,10.39,8.75,
157.7,1983.04,6.92,12.48,98.6,10.4,9.53,
144.3,1983.01,6.88,12.57,97.8,10.46,8.76,
151.9,1983.03,6.91,12.42,97.9,10.51,9.23,
139.4,1982.12,6.87,12.64,97.6,10.54,8.47,
138.1,1982.11,6.86,12.95,98,10.55,8.35,
103.7,1979.11,5.6,14.78,75.9,10.65,8.52,
146.8,1983.02,6.9,12.49,97.9,10.72,8.91,
110.9,1980.01,5.7,15,77.8,10.8,8.85,
166.4,1983.06,6.94,12.59,99.5,10.85,10,
184.9,1985.05,7.71,15.87,107.3,10.85,10.61,
132.7,1982.1,6.86,13.25,98.2,10.91,8,
123.5,1980.08,6.03,14.74,83.3,11.1,9.07,
171.6,1985.01,7.57,16.56,105.5,11.38,10,
167,1983.07,6.96,12.83,99.9,11.38,10.01,
180.6,1985.04,7.69,16.13,106.9,11.43,10.4,
103,1980.04,5.85,15.17,81,11.47,7.84,
164.5,1984.12,7.53,16.64,105.3,11.5,9.6,
126.5,1980.09,6.07,14.64,84,11.51,9.2,
180.9,1985.02,7.62,16.47,106,11.51,10.49,
167.7,1983.1,7.03,13.54,101,11.54,10,
166.3,1984.11,7.48,16.61,105.3,11.57,9.69,
167.2,1983.09,7,13.3,100.7,11.65,9.98,
166.4,1984.01,7.12,14.44,101.9,11.67,9.89,
165.2,1983.11,7.06,13.79,101.2,11.69,9.85,
130.2,1980.1,6.1,14.7,84.8,11.75,9.36,
164.4,1983.12,7.09,14.03,101.3,11.83,9.82,
157.3,1984.02,7.15,14.85,102.4,11.84,9.32,
162.4,1983.08,6.98,13.06,100.2,11.85,9.73,
179.4,1985.03,7.66,16.39,106.4,11.86,10.37,
164.8,1984.1,7.43,16.59,105.3,12.16,9.6,
157.4,1984.03,7.18,15.26,102.6,12.32,9.33,
122.4,1982.09,6.85,13.56,97.9,12.34,7.4,
115.3,1980.02,5.75,15.15,78.9,12.41,9.05,
166.1,1984.09,7.38,16.56,105,12.52,9.69,
133,1981.01,6.2,14.74,87,12.57,9.26,
157.6,1984.04,7.22,15.57,103.1,12.63,9.31,
135.7,1980.11,6.13,14.76,85.5,12.68,9.65,
164.4,1984.08,7.36,16.44,104.5,12.72,9.62,
104.7,1980.03,5.8,15.29,80.1,12.75,8.08,
133.5,1980.12,6.16,14.82,86.3,12.84,9.39,
109.7,1982.08,6.84,13.76,97.7,13.06,6.64,
133.2,1981.03,6.28,14.58,88.5,13.12,9.08,
128.4,1981.02,6.24,14.66,87.9,13.19,8.83,
151.1,1984.07,7.33,16.32,104.1,13.36,8.87,
122.9,1981.11,6.59,15.33,93.7,13.39,7.81,
156.6,1984.05,7.27,15.89,103.4,13.41,9.23,
132.3,1981.06,6.39,15.01,90.6,13.47,8.77,
153.1,1984.06,7.31,16.2,103.7,13.56,9.01,
116.4,1982.05,6.78,14.38,95.8,13.62,7.19,
134.4,1981.04,6.32,14.72,89.1,13.68,9.09,
123.8,1981.12,6.63,15.36,94,13.72,7.83,
110.8,1982.03,6.72,14.81,94.5,13.86,6.95,
116.3,1982.04,6.75,14.6,94.9,13.87,7.26,
109.4,1982.07,6.82,13.97,97.5,13.95,6.64,
131.7,1981.05,6.35,14.87,89.8,14.1,8.82,
129.1,1981.07,6.43,15.1,91.6,14.28,8.45,
109.7,1982.06,6.81,14.17,97,14.3,6.69,
114.5,1982.02,6.69,14.99,94.6,14.43,7.18,
117.3,1982.01,6.66,15.18,94.3,14.59,7.39,
129.6,1981.08,6.48,15.18,92.3,14.94,8.4,
119.8,1981.1,6.56,15.3,93.4,15.15,7.65,
118.3,1981.09,6.52,15.27,93.2,15.32,7.58,
940.38,2009.07,,,217.53,,16.24,
